-1.222949
-1.598256
0.631708
-2.098407
-0.997427
-0.393087
0.813760
-1.878334
-2.595090
-1.129546
0.296986
-1.123430
0.215079
-0.249844
0.922183
-1.468624
-2.264915
-2.618982
-1.907590
-1.426691
-0.337157
-0.304123
0.884665
-0.505326
-2.116758
0.469349
-1.687743
-1.019437
0.360343
0.660709
1.161327
-1.649058
-0.966077
-2.374102
-1.942210
-2.623079
-0.875390
-2.319216
0.866326
-1.542644
-0.469103
-0.056219
-2.134524
0.524977
-0.781303
-0.521059
1.022481
-1.323268
0.168940
-2.384749
-1.230170
0.573515
-2.647970
-2.358364
-0.048278
-1.251135
1.606151
0.788195
-0.875649
0.023944
0.902717
1.209160
-0.409092
-1.699272
-0.497177
-1.618665
-0.645518
-2.383675
1.605909
-1.965195
1.605847
-2.624736
1.603120
-0.284558
-2.444628
-1.221406
-1.809089
-1.084570
-0.008283
-0.337717
0.532018
-0.684734
-2.601792
0.616071
-2.115690
-0.159797
-1.424007
1.105636
-1.164217
1.046634
-2.645907
-1.763891
0.795845
-1.141553
0.797998
-2.537619
-1.128646
-0.014515
-2.648095
0.667436
-2.344063
-2.544672
0.187847
-1.616339
0.512261
0.315992
1.458019
-2.200555
0.605219
-0.742355
0.505293
1.082609
0.260362
1.287712
0.550706
-1.072618
1.219454
-1.248044
-1.809042
-0.217143
-2.293711
-0.729035
-1.937575
-1.201394
0.268537
-2.403241
-1.362183
-2.019022
-0.720513
-2.162277
-2.631157
-2.528776
0.542141
-1.456697
-0.690865
-1.704728
-2.538284
-1.771308
-0.538525
-0.535561
0.524431
-0.898574
-0.024703
0.654883
-1.565446
0.576995
-2.106982
0.187847
-2.625041
0.755464
-1.938825
-0.907901
0.646986
-1.792268
-0.151060
-2.261443
-0.014515
-2.645907
1.071106
-0.030095
-2.020007
1.219218
-1.843462
1.138867
-2.647470
-2.609579
-1.229432
0.721672
-2.647112
-2.648441
1.599723
-2.338338
-0.666785
1.606268
-2.647470
0.906251
-0.768418
-0.217017
1.606444
-2.412035
1.603120
-2.647112
1.448701
0.629872
-1.185246
0.693869
-2.307909
1.331825
0.782251
-0.144726
1.429165
1.009173
1.384988
-1.850616
0.879119
1.278785
-1.818241
-2.511285
-1.141763
-1.980615
-1.308157
-0.553810
1.606246
-1.351827
1.606287
-2.082964
0.074627
-1.670104
-0.478704
-1.494648
0.584745
-2.460132
-2.104995
0.788084
-2.293956
-2.045760
1.251482
0.093543
-2.648128
-2.449095
0.896686
-2.636043
-2.288987
-2.587850
1.603120
-0.164437
-1.546727
-1.325836
-0.077100
-1.912266
-1.336486
-0.095489
-2.559599
-2.012827
0.329885
-1.953818
-0.182853
0.101908
-1.556606
0.660908
-2.647783
-1.431162
-0.435559
-0.353860
0.698330
0.955011
0.051726
1.605961
-2.450562
-1.938138
0.846600
-2.398214
1.604823
-1.583224
-2.636728
1.022446
0.145763
-1.386109
1.382260
-0.095562
1.360925
0.832526
-1.987373
0.846536
-1.702708
1.266599
0.822653
1.605164
-2.238462
-2.648320
0.660607
1.306094
-1.229432
-2.648615
1.599723
0.856893
-0.521043
-2.465586
1.604255
-1.850616
0.257278
1.306787
-2.647313
-1.797366
0.660763
-0.520542
-2.648370
-1.432500
1.244269
-1.391452
1.606005
0.872427
-1.275885
-1.874314
1.381024
-0.346688
1.067998
-2.333151
0.091659
1.515924
-2.643098
0.059163
1.205927
1.392327
-2.644970
-2.490728
1.605164
1.144851
-1.681294
0.188047
-2.648334
-2.648535
1.603120
-1.311734
-0.172932
-2.087018
-1.628045
-1.846982
-0.931081
-1.843462
-0.040662
-2.308106
-0.482374
-0.757379
-2.195148
-2.060193
-0.622386
0.877006
-1.003019
-1.912080
1.605554
0.783837
-1.474643
-0.145596
-2.470621
-1.723086
-2.429909
-2.499229
1.604255
-1.625291
-2.246329
0.876952
-2.647595
-2.648538
1.604255
-2.637727
-1.993415
-2.460837
1.604255
-2.637498
-2.587413
-1.432849
0.697612
-2.194802
-1.403290
-1.570148
0.341436
-0.932876
0.527558
-1.945293
0.424466
-1.032792
-1.903195
1.604255
-2.581526
-0.521026
-2.348983
1.605554
-2.547149
0.278642
-1.387798
-0.462519
0.956367
-2.142035
0.139182
-0.757409
0.871038
-1.733584
-0.171773
-0.241958
-1.642809
-0.092044
-1.341086
0.067395
1.020645
0.236186
1.121647
-0.880667
0.830551
-2.648448
1.603120
1.044433
-2.644970
-2.648488
1.604255
-2.648680
-1.228562
0.601783
1.396321
0.772103
-1.850370
-0.419738
-2.214321
-1.938825
0.486673
1.606392
-2.644970
-2.235825
0.390625
1.289904
-2.643098
0.010810
1.001404
-2.333395
1.603120
-2.645907
1.501384
-2.115690
0.919828
-1.627184
1.105636
-2.555079
1.603120
-2.208200
1.604255
1.606257
-1.850370
-0.945816
1.477489
1.606372
-2.645907
-1.769250
0.788084
0.978484
-2.647595
-1.830105
1.605164
1.414761
-2.039588
-1.177709
1.295037
-1.304666
1.165375
0.356076
-2.648210
1.606454
-0.520542
0.595876
-2.200307
1.238456
-2.645907
-2.644970
1.399692
0.285914
1.468330
-1.670628
-0.899974
1.261366
-0.899936
-2.098850
1.605392
0.432605
-1.739124
-1.948133
0.104651
-0.682274
-1.946738
-2.511111
1.605392
-0.689909
1.322660
-2.557954
1.604255
1.219454
-1.616937
-2.274442
-0.166432
-2.148064
0.329815
-0.054053
-2.648232
1.034864
-2.644970
-1.309069
1.606171
-2.127487
1.604255
1.055831
-0.757427
-2.473838
0.542141
-2.018275
-0.907893
-2.471845
1.604823
-2.572541
1.599723
-1.793675
-0.058563
-2.254097
1.603120
1.606278
-1.584066
-2.640182
-2.458033
-0.520726
-2.648541
-1.228562
-2.617348
-2.192636
1.606042
1.117366
-1.584487
-2.450768
-0.622369
-1.462035
-0.177922
-1.670790
0.639304
-0.428551
1.606287
-1.372114
0.897243
0.139824
1.313016
-2.023364
-1.377653
1.302386
-2.647313
-0.565604
-1.507937
-2.043425
-0.424344
-1.528576
-2.617821
-1.353395
1.605771
-2.429622
-0.520726
-2.648448
1.599723
-0.667780
0.939997
-2.068261
1.605847
1.150436
-1.020115
1.457116
-0.946352
-2.421638
0.188024
-2.445595
1.606075
-2.647313
0.990857
-1.826112
0.755159
0.482463
-2.647917
0.120858
-1.000252
-0.014515
-2.648391
0.128245
-1.348452
-1.720256
0.975969
0.793691
-1.175654
0.565018
1.510497
-0.552816
1.272680
1.159052
-2.646469
1.251704
-1.314399
-1.318605
1.053870
-2.644970
1.266003
-0.435916
1.153740
0.188047
1.606433
-2.646469
1.143898
0.345661
-1.797161
-2.463484
1.604255
-1.338975
1.436076
-2.323815
1.604255
1.313488
-2.643098
-0.521034
1.605961
1.035201
-2.643098
1.604823
-2.538056
1.606444
-2.643098
0.279193
1.179402
-2.601318
1.599723
1.606425
-2.643098
-0.460250
-2.167611
1.076267
-1.874314
1.084636
1.555266
-1.784256
1.105636
-0.945816
1.606341
1.223926
-2.647112
0.875543
-0.946559
1.226505
-0.875545
1.271539
-2.645907
1.415350
0.188075
1.369966
-1.487911
1.550124
-2.644970
-1.752856
0.542525
-0.156901
-1.355655
-0.520726
1.606311
0.069903
-1.843462
-1.892354
-2.246997
-1.445077
-2.286517
-2.044632
0.832526
-0.964648
0.024931
-2.060135
1.604255
-2.648347
1.599723
-1.608397
1.606151
-2.648478
1.599723
0.329815
-2.463255
1.604255
-2.312740
-2.291235
-0.520995
-1.874677
0.613595
1.331908
-2.646469
-1.736822
0.188091
-0.095530
-2.648434
1.160393
-2.647112
-1.432762
1.605847
-2.414460
-2.570810
0.010808
-2.161291
-0.185141
-2.236617
-2.522518
-1.128646
-2.569720
-2.643098
1.605771
-1.866709
-1.128817
1.606151
-1.939482
-2.390457
-2.648799
-2.600379
-2.581005
-0.520542
-2.616880
-2.643098
-2.474824
-0.217017
1.541959
-0.217105
-2.531458
-1.230086
-2.648059
0.126431
-1.971112
-1.298852
0.527703
-2.454826
-1.801418
0.233836
-1.413132
1.606075
-1.545471
1.605909
1.051401
-2.643098
1.080549
-0.433646
1.444366
0.059143
-2.252100
-1.878409
-0.217137
-1.764477
-1.236814
-0.007531
-1.209614
-2.313582
-2.551393
-1.735803
0.471730
-2.344063
-2.633153
-0.520542
-0.824541
-2.516690
-1.416780
0.755319
1.170031
-2.646469
-2.243233
1.603120
-2.648320
-0.159788
1.454448
1.599723
-2.531993
1.603120
1.405446
0.503297
-2.459519
-1.187924
0.882153
-2.646844
0.292691
-2.364367
-0.030102
-1.855237
-0.357426
0.549158
-1.955909
1.026070
-2.461562
-0.808567
1.042528
-2.646844
1.302188
-2.088587
0.755455
-2.647313
1.606473
0.329815
-1.939169
0.221078
-2.644970
1.517746
1.189514
-2.645907
1.322472
-1.698449
1.189896
-0.714240
0.542573
1.606330
1.236395
-2.637498
-2.644970
1.408473
-2.648467
1.603120
-2.354048
1.599723
1.325387
-2.637498
1.340221
-2.010006
1.104708
-2.645907
-2.648572
1.603120
-0.811148
1.017276
1.237184
-2.645907
-2.039588
-2.648586
1.105636
-1.939054
-2.303611
1.604823
0.422060
1.359545
1.156430
-2.645907
1.572148
-1.228562
-0.804665
-2.648391
-0.379200
1.336824
-1.938138
0.983122
-2.364703
0.269133
1.445840
-2.644970
1.296723
-2.644970
1.448697
0.977456
-1.228562
1.606324
1.606483
-2.643098
0.292848
-0.444025
0.975144
-0.162044
-1.200333
0.324233
1.292390
0.338778
-0.696539
-1.217131
0.509619
0.138627
2.002323
1.461192
-0.154869
0.172985
2.350399
-0.749761
0.661548
-1.271846
-0.923903
-0.274897
3.219927
-0.044803
1.585919
2.641858
1.112521
1.869679
0.878459
-0.679399
2.528234
-0.046403
0.649235
3.837988
1.705483
-0.756474
4.755849
-0.565326
1.128376
-1.257652
-2.484222
-1.039850
0.961939
0.510315
-1.587559
-0.101896
1.302530
2.215359
0.367879
3.611644
0.964515
0.765466
3.333670
1.384679
2.860542
0.559802
1.264251
-1.115402
0.219881
1.236676
3.847829
-0.108740
1.442108
0.440481
1.885063
4.043760
-0.343755
0.671981
2.522686
-0.780788
0.868986
-1.339465
4.154385
1.356005
-2.418826
-1.260419
1.142797
-2.839564
1.541247
-1.083652
2.257771
-1.265635
2.727180
0.030968
-0.629630
3.855037
0.744336
3.313214
1.537176
4.756247
0.194416
3.970945
1.587903
1.297174
-0.776939
3.954453
0.559393
4.342984
0.290909
1.059157
2.459517
1.874620
3.243675
-0.709455
0.696848
1.285042
-1.086240
-1.257253
0.073128
-0.060993
3.384920
-2.837441
1.480889
-1.264909
4.167427
-0.237619
0.597726
3.579760
1.029182
0.133560
1.050467
2.378614
0.661548
-1.264909
4.286681
2.539136
0.138419
1.636347
4.058451
-0.872446
-0.409426
-1.128902
2.535432
-2.360954
-0.850188
1.563443
-1.743116
-1.264488
-1.204071
-1.113865
2.175232
-0.179019
0.462988
-0.731150
1.642875
4.758589
-1.264728
0.943309
-2.838151
3.810062
0.811568
0.168052
2.086370
1.325209
-0.363071
4.112677
0.741982
2.348790
-1.265045
1.390517
-1.376774
-0.088989
1.290972
0.941346
4.759191
0.603099
2.957699
1.129647
3.028186
2.949363
3.979197
-0.971100
1.543177
0.832682
-0.411846
1.325822
0.512077
-1.289931
4.752273
2.176430
-1.265857
-0.239473
3.419304
4.222766
-1.264474
4.003237
1.291599
4.421311
-1.264474
-0.128330
-1.256569
1.727698
0.254652
-0.936886
1.370800
0.094977
4.756565
2.154495
0.383834
3.111702
1.344162
1.142826
-0.765932
4.397729
-1.263460
3.398192
-1.264909
-0.375262
3.419304
3.279155
0.467454
4.417581
-1.264474
-0.969233
-0.466018
-0.521052
1.694585
-1.265821
4.730925
-1.265305
3.536881
0.551331
-1.213914
3.136476
1.267670
-1.265977
-1.107259
-1.203858
-1.258415
0.636568
-1.159028
-0.266516
1.009264
-0.097841
0.913909
-0.557363
-1.524124
-1.265362
2.692580
-0.282877
1.231562
4.079687
1.050988
3.934726
-0.407646
3.813816
1.503590
3.751426
1.114640
1.181611
-0.772932
2.701572
4.465344
1.489962
-0.647505
-0.360686
3.303708
0.986270
3.447927
1.436364
0.440609
1.897255
-0.639321
4.042559
2.504551
0.232381
1.879971
2.291094
4.227527
2.343642
3.591905
4.078889
0.742180
-1.814427
-0.248203
0.972171
0.215617
0.675055
-1.587449
0.475714
1.369073
-0.874812
1.230300
-1.204592
-2.474343
-0.072032
4.757641
-0.478828
2.147256
0.014649
1.599700
4.472252
1.741470
-0.189450
1.353646
-0.253695
-1.869066
0.817517
3.600278
0.022948
1.652020
1.553317
-2.836820
0.018692
2.235936
2.709455
-0.921529
-0.585915
0.960709
3.734882
0.885750
-2.835785
1.543391
1.579854
-1.495821
0.740990
4.472323
4.256246
0.455162
0.871888
-0.835550
0.072937
3.880236
2.173955
-0.553945
-1.262195
4.575174
-0.935449
-2.072875
4.757042
-0.529622
0.016474
-0.987769
-1.265550
2.754136
-0.060839
4.026307
-1.334700
1.536763
1.411108
-1.108501
-0.060839
-1.265768
-1.203428
-1.262195
-0.283820
-1.231044
-0.734263
-0.020167
0.286400
2.673285
-0.244499
2.750405
1.202327
-0.040505
-0.258492
-1.078708
-1.926708
-0.022007
1.525611
4.757042
1.396079
-1.961523
4.203043
-1.263460
1.019305
-1.506908
2.973458
4.758239
1.536763
1.503223
-0.202615
1.543321
-0.596306
3.466776
-1.078941
2.095827
3.682672
0.587708
4.536098
-1.262195
1.543409
0.812335
3.035267
-0.583016
0.649615
3.750367
0.829525
2.061740
0.229938
1.770585
0.636719
4.074166
-0.857449
3.035267
2.289767
4.556514
3.561883
1.479510
0.802397
-1.156318
2.809898
0.474650
1.280755
3.711206
2.247707
4.491335
1.717877
3.490831
3.815515
1.545716
4.120507
0.741734
-2.403219
-0.648113
0.300007
-2.839196
-0.185735
1.073218
-0.153911
1.421650
1.001173
-2.838546
-1.904045
1.542748
1.212574
-1.086367
1.412689
0.685839
-0.209780
1.543352
-1.221550
0.072938
-2.839553
1.541247
0.491848
-0.860106
1.746339
-2.833718
1.744089
4.580188
-0.301944
0.761133
-0.429071
2.481342
1.424859
-1.239543
-2.134304
1.205906
4.255175
0.383043
-1.265151
4.618659
-0.086667
2.592958
-1.151932
2.131350
1.669006
-1.264474
4.756565
-0.022615
0.881395
3.510124
1.894786
4.089597
-1.265768
4.745135
-1.587528
0.804520
-2.838373
1.144977
3.836936
-1.262195
3.426692
1.062881
0.740990
4.550025
-0.444227
4.087203
-1.042756
4.749891
4.478552
-1.264474
-0.991980
2.591259
4.759010
1.541247
4.753702
-0.942460
-1.245274
-2.839664
-0.641405
1.100876
-0.433861
0.809567
-1.095852
0.400559
4.758069
1.165101
4.330854
-1.262195
-1.336961
-1.258415
-1.264094
1.495781
-1.203210
-1.258415
-0.470598
4.745135
-1.187510
-2.213263
3.552205
-0.781973
4.756825
-0.050827
-1.265798
0.892972
4.757925
1.676182
-0.369510
1.837677
-0.530035
1.379773
-0.684501
0.972272
-0.396711
3.252096
-1.137138
4.749891
-1.088488
-2.839680
-1.264909
1.543424
-1.263460
4.332228
-0.997127
-2.838373
1.543436
-2.827534
1.617364
-1.377817
4.606714
1.744089
-1.174596
0.369392
0.447278
4.752273
0.693922
4.256601
1.362373
2.848553
0.063322
2.012452
0.728595
3.182503
-0.142598
3.340500
-1.264474
4.758697
-1.003969
4.749891
3.252667
-1.265411
4.759274
2.415401
3.784948
-1.265453
0.327487
2.156146
1.781222
-1.009468
-1.149991
-1.263460
3.202697
-0.136179
-0.943106
2.809532
1.821898
-1.265550
4.424192
1.143714
4.759038
3.340500
0.579267
2.423943
0.072962
3.783778
4.066518
1.843723
4.757227
0.656927
3.206286
4.351390
0.447152
-2.624820
0.647108
-2.838373
-2.458293
0.422135
-1.670526
1.106574
0.082355
-2.839274
1.543401
-2.833718
-0.763392
1.431022
-2.198332
1.542533
1.543361
-2.836820
1.452574
0.820916
-2.254812
1.258788
-1.238884
-0.170372
0.187017
4.754656
-0.949860
1.542372
3.418158
1.543373
4.638647
-1.258415
-0.232825
-1.148893
2.650370
-0.014785
-0.862540
4.752273
1.495472
3.872654
1.543311
-2.827534
-2.017852
1.250905
-2.401883
-0.161128
-0.163773
3.830667
2.745441
4.758716
-0.242472
1.830807
3.897539
1.260519
4.755338
1.480646
-0.442660
0.284239
3.037643
-0.060904
-1.264474
4.489233
1.239286
-2.407901
1.389828
-2.212339
1.321519
-2.838151
4.054068
-1.264094
1.662165
-0.893232
1.744089
4.630116
1.315197
-1.265894
4.758733
-1.262195
-1.115195
0.239998
-0.973812
-0.234539
-1.379475
1.540124
-0.726754
1.260553
-0.036417
4.757521
-0.578155
3.753308
4.327182
0.551093
-1.233927
0.281775
4.755849
-0.493431
2.838748
4.758371
1.543421
0.447152
-1.202549
-1.263460
1.997199
-1.014533
-1.204903
1.541247
-0.819210
4.754656
0.081515
-0.844746
2.401336
-0.686975
0.547862
4.064039
-0.407103
4.752273
0.377198
4.756825
-1.122375
1.479962
2.350749
0.950919
-1.009029
1.542823
1.831658
-1.383289
-0.562437
1.022781
1.744089
-1.176142
1.662455
-1.361153
2.748195
4.410634
-0.847495
-2.839274
4.680484
2.346432
-1.265880
4.730925
-0.387760
3.615700
-0.178224
1.776232
-0.190635
1.254513
4.758564
-1.263460
2.796469
0.827569
1.768626
3.350029
-0.351634
0.531055
-1.265652
2.645103
0.252209
4.088572
3.692196
-1.265305
3.751426
-0.583808
-1.054523
4.730925
1.315951
4.758371
4.291827
2.128430
-0.202675
3.172787
-1.003760
2.553312
2.316501
-1.265411
-1.265829
4.745135
-1.140325
-1.264094
0.541305
3.444601
-1.265848
2.346432
4.035409
-0.596107
0.598930
3.173290
4.758869
-1.263460
2.349024
-0.482663
1.002329
3.122353
3.949926
0.072938
4.164431
-0.170372
-0.691949
3.142393
-0.557025
3.830667
-1.264909
3.554107
-1.263460
4.395621
-2.620558
-2.827534
1.020514
-2.838151
0.623486
-2.837441
0.715131
1.281415
-2.581414
0.309965
0.082237
1.484966
-2.578061
-0.501954
1.536763
1.452507
-1.743594
1.368081
1.424943
-2.835785
-1.256729
-0.512626
-0.556142
1.703714
-0.749140
-2.062614
4.698286
-1.258415
-0.312242
-1.189511
0.632926
-1.372228
0.361946
0.183133
2.171613
-0.253902
-1.464314
0.021365
1.474704
-0.385110
0.549519
2.237994
0.392295
0.016439
-1.146844
-0.919377
-1.680256
-0.336878
0.602743
1.587114
-1.889603
-0.531411
1.206588
0.757166
-0.860639
1.977477
2.537101
1.630198
-0.539640
-0.540595
0.802030
-1.444134
-0.217776
-0.965596
1.130363
-1.507621
-1.834317
-0.788342
0.095728
-0.179405
1.174131
1.642182
-1.889025
-0.599723
0.715022
1.910534
0.417281
0.428289
1.439538
-1.255832
2.184916
2.062956
0.430010
2.589818
1.410669
1.941152
-1.530276
-1.173504
2.586840
0.396091
-0.896361
-1.024356
1.063686
-1.508705
2.121330
1.393466
-0.926777
-1.042422
-0.245996
-1.220772
1.462330
-1.531784
-0.200176
-1.852952
-1.239839
-0.891254
1.886922
-0.206668
1.439261
0.495564
-1.135036
1.278485
-1.889419
1.699023
-1.889025
-0.670139
0.263996
1.386963
0.170422
2.124140
-0.003749
-0.068456
2.175507
0.332996
2.440449
1.226835
2.230398
-0.141602
-1.494782
2.487044
-1.530726
1.728871
2.326417
-0.955673
1.327782
1.704855
2.627023
-0.103583
2.382006
0.233816
2.497816
-1.344845
2.877582
0.922786
-1.106864
-0.046035
-1.205818
1.676759
-1.603272
-0.519571
1.269765
-1.558689
2.120622
1.028475
-1.478308
-1.092496
-0.260665
-0.686029
0.492125
1.802276
-1.086959
-0.816041
-1.562723
-1.533210
0.999580
-1.855043
2.120622
-1.583298
1.211064
-1.032838
1.053034
-0.371159
1.846405
1.814629
-1.488154
-0.156969
1.539554
-1.412235
0.234666
0.751714
1.782874
1.187932
1.924088
-0.689243
2.881306
1.100544
-0.381904
2.323048
-0.256447
1.081624
-0.728957
2.332855
0.813008
0.777798
-0.834539
2.671380
-0.427861
0.732951
-0.087728
2.595193
-1.530651
0.941037
2.100385
1.076335
2.390407
0.740715
-1.255507
-1.515585
1.409706
0.844659
2.681103
1.951187
0.661480
1.331169
2.429363
2.879274
-1.423610
2.533108
-0.060321
0.013221
2.319946
2.676310
2.097825
-0.852301
2.328878
-0.427861
2.881531
2.671380
0.674463
-1.405222
2.869153
1.337240
-1.087176
-1.889878
2.122395
-0.827645
1.189960
-1.336501
1.320393
-1.889914
2.120622
0.785393
-1.272440
-0.083994
1.466675
-1.606103
0.116597
-1.778422
2.120622
-0.964275
-1.388388
1.102985
-0.720425
-0.873784
0.934115
-1.524682
0.646225
0.976539
2.123300
-0.055331
-1.188402
-1.641937
-1.237783
-1.703272
2.119206
-1.889350
1.721929
-1.858504
0.116629
0.116637
-1.723980
-1.183804
-0.031973
-0.624808
0.745622
-1.888844
2.123340
0.433506
-1.242598
1.877575
-1.220364
-1.454832
2.114970
1.127810
-0.921188
0.339601
2.065233
0.395374
2.123318
2.045346
1.231444
-0.867314
-0.466058
0.032775
2.070081
-0.662462
2.078995
-0.270312
2.575182
-1.215980
1.323866
0.601609
2.881020
-1.141927
2.390286
0.474416
2.440435
2.292712
-0.492870
-1.531046
1.432604
-1.149950
0.990125
2.773876
-1.524673
0.585964
2.119658
-0.550674
0.241222
2.759734
0.044733
0.640325
1.541302
2.367846
1.064560
-0.250109
2.251071
2.536681
1.247188
2.596721
-0.081340
-1.471677
1.409706
-1.526086
0.233679
2.759109
-1.528030
2.158531
0.752600
-0.354518
1.265034
0.094509
1.974869
2.532765
1.542024
-1.415101
-1.529152
2.881451
-1.529152
-1.531026
1.704456
2.542120
-1.529152
2.245971
2.749042
-0.795670
2.486516
0.674463
2.881479
-1.467349
2.869153
1.512632
-1.888592
-1.221099
2.122395
-1.889025
1.788795
2.122242
-1.422082
1.454208
-1.342558
1.554350
-1.889025
-1.639233
0.116559
-1.775231
-1.882552
-0.985007
2.122958
-0.479910
-1.453652
1.549964
-1.086958
-0.948632
2.122804
-1.099536
0.403313
0.815983
-1.220772
0.814615
-1.722588
-0.106285
-1.440261
2.122607
-1.651468
-0.720983
-1.509671
-1.889923
2.119206
-0.885827
2.011746
-1.879927
-1.683616
-1.832304
0.785078
0.644641
-1.286289
0.618309
-1.889566
-0.903709
0.490788
-1.087104
1.274336
1.533047
-1.191888
0.618061
-1.889778
2.037889
-1.886323
-1.498468
2.114970
-1.889265
1.354147
2.064377
2.119206
0.852438
-1.889476
2.106200
1.454288
-0.237407
2.123154
-0.887189
1.346525
2.480115
-0.497820
-0.682648
1.410512
-0.137722
2.686939
0.895670
-0.842611
1.115544
2.684030
1.250723
-1.530919
-1.531288
1.410052
2.504153
-1.529152
0.454496
2.881343
-1.305010
2.877582
2.881496
-1.524673
-0.065098
0.817889
1.206375
2.819125
-0.890256
0.208822
0.042984
1.541635
0.233679
2.819305
0.383194
1.315813
0.650112
2.015146
2.435894
-0.550417
-1.531046
1.658785
-1.531064
2.078578
2.454380
0.674463
2.556052
-1.528030
-0.270440
2.881325
2.869153
2.587219
1.952264
-0.839060
-1.531310
2.869153
-1.531384
-0.900374
2.839255
0.674463
2.214358
-1.129747
-0.532138
1.868809
-1.080976
2.880660
2.146135
-0.396524
-0.648663
2.880226
0.813008
2.881504
2.692207
2.287928
1.936035
-1.215789
-0.060241
-1.531209
2.881531
0.359750
2.496140
0.528022
2.769070
1.693353
2.693110
1.064332
-0.060241
-1.531300
-1.888592
1.708183
1.119506
-1.581251
2.005175
-1.886323
-1.472913
2.121330
-0.050548
1.712208
-1.776048
-0.886605
-1.889885
2.114970
-1.094644
-0.579553
-0.934437
2.122685
-1.523661
-0.704250
1.774297
-1.887583
-1.265737
0.636858
-1.368830
-0.156962
1.721757
-1.354604
0.146619
1.505893
0.047469
2.122958
-1.567532
2.121330
-1.705093
-1.435054
-1.117605
0.287453
-1.573764
0.116656
2.123214
-1.882552
-0.284453
-1.881500
0.011053
-1.737015
0.784554
-1.890050
-1.396315
0.299056
-0.819604
1.481050
-0.517033
-1.603348
2.123033
-0.346393
1.749940
-0.997759
-0.742949
2.123143
2.036029
2.114970
0.116559
-1.581291
-0.819604
1.664702
2.093668
-1.882552
-1.086959
1.240374
2.123425
1.319686
-0.926286
0.106488
-0.278308
-0.816161
0.675021
-1.286066
2.749895
-1.524673
1.276497
-0.986532
2.881594
1.410052
0.429958
2.416704
2.547780
-1.528030
2.880660
-0.466071
-1.359381
2.869153
-0.411485
0.994552
0.295309
1.058476
2.881306
0.701754
2.881721
-1.528030
-0.982213
0.570070
1.620809
-0.300241
-0.279191
1.014669
2.513891
0.953313
2.839114
1.997409
0.667671
-0.750810
0.804985
2.354031
-0.354523
1.396114
2.160128
-1.530882
0.920160
2.510021
-0.137722
2.192097
2.729219
-1.528030
2.592573
0.674835
2.879274
-1.243464
2.881687
-1.524673
2.243485
-1.530051
-0.887726
2.879274
2.881404
0.822193
-1.531249
2.879274
-1.530557
2.653342
2.880000
-1.215980
-1.530726
1.878434
-1.528030
2.706771
2.582007
1.604239
2.237074
-1.040534
2.535625
-1.528030
2.817783
2.567724
-0.060241
2.765567
2.123327
0.481457
-1.802700
0.116597
2.123200
-1.882552
-1.509244
0.517617
1.797544
-0.284567
0.116559
-1.820064
-1.889792
2.122395
-0.569991
-1.217028
-1.596355
-0.397094
-1.198031
2.121756
-1.538839
1.319686
-1.259333
1.454207
0.785341
2.123207
1.231007
-1.444109
-1.414780
2.119206
-1.889763
1.575867
-0.525453
2.122958
-0.552006
1.836643
-1.669115
2.120622
-1.714680
1.320216
-1.470071
1.028475
-1.215394
2.122242
1.191652
-1.045036
-1.608686
0.517824
-1.882282
-1.220364
-1.756317
2.120622
0.976166
-1.449899
-0.784901
2.122851
-1.694241
2.119206
1.278228
-1.889729
1.927486
-1.886323
2.034086
2.114970
-1.678780
2.119206
2.035160
-0.743162
2.093446
2.114970
1.440175
-1.887583
-0.663495
-1.047443
1.216348
-1.230378
-0.522113
0.525994
0.836576
-0.901723
0.674463
-1.531191
2.812663
1.408671
-1.156388
1.900169
1.502271
2.646721
-1.531302
-0.207345
-0.634316
2.165899
-0.116902
2.166028
0.151897
2.109268
0.230586
1.300167
1.972955
-0.180401
-1.064600
0.213337
1.778119
-0.528292
1.907358
-1.530437
-0.489382
2.102467
-0.047253
-0.867744
1.456888
-0.093382
-0.060241
2.625807
2.881209
0.540083
2.838697
2.875470
0.440830
1.968633
-1.044868
1.116282
1.008734
-1.530951
2.625095
-1.530276
1.410447
-1.040960
-0.979479
1.843313
1.348738
2.505751
2.693968
2.184914
2.701439
0.527944
2.602607
-1.524673
-1.531245
2.877582
1.968710
2.514014
-1.420915
1.777531
2.881582
-1.529152
1.115544
2.720600
2.645047
-1.529714
-0.752403
2.017275
0.505296
2.533254
0.233782
2.654268
1.408671
2.821620
0.123487
2.643218
0.989813
2.881692
-1.091062
-1.386365
0.706012
-0.705562
-2.353940
1.715619
0.337664
-0.443431
-1.310167
-3.250628
-1.932398
1.232937
2.664233
0.525950
-0.678242
-0.602527
0.934701
-1.338449
-0.492224
-3.454594
-1.161459
-1.692630
-3.575732
0.572542
1.955103
2.796887
-1.388461
0.572956
-1.854424
-1.410108
0.094048
-0.160576
-0.916068
0.762656
2.721883
-1.344200
2.860410
-1.190508
1.186297
-3.542887
-0.742672
0.115471
-2.215313
-2.097875
-0.609961
-4.136791
0.140039
0.864730
-1.307536
0.818702
2.406165
2.876662
-1.388093
0.647800
-0.563691
0.577811
-4.151250
0.363606
-2.048071
0.383421
-3.109847
-0.308277
1.052037
-1.044578
-0.558919
0.974433
-0.392380
-1.388188
3.084586
-1.358587
-0.628981
-1.307590
3.565109
2.044603
-1.388423
-3.572104
1.274029
0.138245
-3.164819
-4.640654
0.271554
-2.682031
0.556708
-2.303776
-0.196011
-1.690400
-0.245556
-2.362430
-4.421635
-4.642179
0.412608
1.215311
-0.727235
-1.388838
3.553378
1.677379
-1.388744
1.102919
2.862761
1.991579
3.074608
0.756497
-0.233938
-0.257090
-3.986191
-3.160664
1.076800
-0.205256
-4.644371
1.195310
-3.534006
-1.416332
-3.837675
-0.617451
0.864040
-0.359258
2.205484
0.501239
2.221074
-1.055379
3.569394
-0.637127
0.999114
1.093728
-0.927514
-0.602601
3.569036
0.098985
3.409085
-1.360555
3.562169
-1.093654
1.688792
-1.388896
3.562169
3.379591
-0.625644
-3.836351
-3.204031
0.558744
-4.641798
1.273255
-4.236120
-2.491323
0.448330
-3.263872
-0.784546
-3.160664
1.069990
-2.431336
0.205815
-1.799217
0.343018
-3.173077
-1.006855
-1.501111
-0.017495
-3.218024
-0.025082
-4.549988
-3.075973
-2.013873
0.912791
-0.202866
1.783376
-1.156366
3.287192
0.534548
2.688937
0.360083
2.743777
3.108240
-1.388379
2.440749
-1.388188
3.140630
-1.387577
0.781827
-1.896462
-2.671750
0.189393
-2.890652
0.151650
-0.697480
1.274228
-0.154518
-2.514041
-4.343801
0.428317
0.344085
-3.109848
-3.160664
0.945439
-0.467155
0.615450
2.657813
-1.388188
0.055105
2.049816
-0.727385
2.530366
2.044082
-1.063976
-0.751254
0.129883
-1.217712
2.235418
1.720240
0.733079
2.521685
-1.293446
2.576456
-0.699201
3.515702
-1.385517
-0.756748
-1.368551
1.090124
-1.261695
-3.857727
1.273577
-3.711983
-2.662580
1.195310
-2.424499
0.565381
-3.457226
-1.575483
-3.634402
0.259505
-4.104881
-2.679455
-1.444895
0.514221
-3.756185
-2.671905
0.569541
0.586984
-2.107979
-3.768127
0.397272
-1.645429
0.651186
-2.874276
-0.471163
-0.622594
0.408545
-3.961906
-1.511083
-3.655032
0.597709
-4.563408
1.270570
-4.358385
0.710363
1.178022
-3.163001
-0.513637
3.568474
0.161023
2.650474
-1.308849
3.562169
-0.228312
3.568790
-1.387577
3.198609
-1.388571
1.258758
3.196488
-1.387233
3.420665
1.148656
1.840574
3.330075
0.423062
0.941704
-3.681073
1.273646
0.828746
-0.761962
0.490265
-2.070975
-2.328281
0.626821
-4.080886
-1.379125
-0.697480
-4.539044
-2.670288
0.789044
1.002484
-4.631524
-0.575355
-0.088370
0.073737
2.195860
2.961995
-1.387577
2.181783
-0.170841
0.625931
3.109253
2.819390
-0.937625
-1.090409
-0.413213
-0.802048
1.027305
-0.298845
3.019342
0.264293
3.278763
2.341931
0.431195
-0.014284
1.366554
-1.388818
3.553378
-0.778435
3.565109
3.570807
-1.382098
-0.964418
3.565109
3.562169
-1.370550
-1.388860
1.089674
-4.322752
-3.730572
-3.813687
-1.931859
-2.871704
-0.452171
1.194243
1.266832
0.656930
-3.160664
-1.457111
-3.891626
1.076799
-4.639739
-3.060239
-2.301755
-2.395082
-1.013312
0.679983
-4.641798
-3.269786
1.273829
-1.684453
1.274095
0.710556
-1.556363
-2.903677
1.273389
-1.027383
-4.110663
-3.974647
-1.137314
1.050894
-4.641798
-2.160320
-4.480061
1.070099
-1.383349
-1.983334
-0.193015
0.589901
-1.728197
-4.459833
-1.684738
0.925799
-3.947438
1.083170
-3.160664
-3.534658
-4.602759
-4.546124
1.270570
1.274270
-4.631524
-1.163413
1.743196
-0.271198
3.569036
2.969685
0.266507
-1.382098
-1.307536
-0.680268
3.065629
1.089674
3.432753
3.569394
0.200404
3.219094
-1.382098
1.925251
3.570497
2.949180
0.469221
-0.892515
2.668792
3.394327
-0.396569
0.462614
-4.641307
-0.870364
1.005501
-4.306241
-0.944806
0.949050
-4.638368
-4.643921
0.022114
-2.276059
0.686545
-3.160664
0.879607
-4.484524
-1.092201
-0.165536
-3.516704
-2.666782
-4.644711
1.070099
-4.636084
-1.682960
1.058481
-0.136267
-0.692630
-0.154061
2.743588
-0.346828
1.453416
2.626097
0.069837
0.470738
3.302531
1.445162
-0.595786
-1.096871
2.578159
3.328651
-1.385517
3.015369
-0.679906
-1.109529
-0.248151
0.780967
-1.055467
-0.363655
-0.958501
3.309090
-1.140673
-1.333149
0.690993
3.570450
-1.385517
2.762237
0.500495
-0.866740
1.125877
0.788558
-0.700046
1.910260
0.028176
-0.860665
3.565109
-1.274434
3.566581
-1.372543
1.089674
-4.402609
-2.823184
-3.768425
-1.137094
-3.975101
-2.591350
-3.122528
1.273751
-2.254619
-3.437436
-4.642942
0.386359
1.193146
1.266832
-1.001967
0.800735
-3.165006
-4.644721
-2.420211
-3.475739
-2.468465
-0.177630
-1.251298
-3.288567
-0.758288
-2.915729
0.811467
-4.640654
-4.540907
-1.544290
0.764792
-4.638368
-3.623877
1.272824
-1.415617
-4.333488
-1.092201
-4.274730
-0.698834
-3.235354
1.160429
-4.631524
-1.321831
-4.150910
-4.644444
1.266832
-1.682960
1.274191
-2.562141
0.063503
-2.454412
0.735991
0.008769
-2.564974
0.693361
-0.732228
-0.304179
-4.397497
-4.550843
1.266832
1.062693
1.271821
-4.644173
1.273075
-4.609797
1.266832
-4.542706
-4.631524
3.553378
-1.236245
-0.968537
3.156369
3.245629
-0.396765
-1.388838
3.553378
3.553378
3.428804
1.710489
3.348236
0.594734
3.570234
3.472636
2.223371
0.714929
-0.488927
-0.099843
-4.187974
1.133166
0.728347
-4.644396
1.270570
1.042805
-4.636084
-0.868871
1.145497
0.842211
-4.638368
1.070099
-4.631524
-4.480061
-4.617896
-1.529196
1.273912
-1.682960
1.274191
-4.631524
1.118518
-0.849435
0.538996
-0.704322
3.568053
-0.240432
2.153491
-0.863367
0.695376
2.360972
0.116571
0.998990
3.396675
1.914519
3.377362
2.578646
-1.388461
-0.782683
3.568790
3.446576
-1.382098
3.123667
-1.386661
-1.104814
-4.641307
2.578160
-0.747033
-0.326067
2.893994
-1.342537
1.503733
-0.703353
1.090946
-0.538148
-1.115735
-1.388875
3.553378
3.569823
0.137178
2.943795
-0.396765
2.468111
-0.975422
-1.388751
3.566581
2.969350
-0.475215
-0.937907
1.421612
2.044083
-0.972432
2.389982
0.994340
-0.573579
2.468111
-1.004849
3.567464
-1.388830
1.271821
-1.370877
-4.636084
-4.478642
-3.050808
-1.378985
-3.806479
-4.207104
-2.922244
-2.888691
1.273255
-3.689757
1.272448
-0.997765
-2.724118
-3.571707
1.273646
-2.951432
0.827479
1.274228
-4.617896
0.874326
-4.631524
-3.600184
1.272824
-2.012213
-3.533619
-3.623343
-0.330941
-0.663897
-2.575068
-4.104881
0.114412
-3.961302
-0.682911
-3.568831
-0.205484
-4.643784
-0.643789
-1.093310
-4.096674
-4.639739
0.926100
-3.160664
-4.644711
-4.149889
-0.501438
0.828433
-1.684453
-1.682960
-4.415594
-4.392780
1.266832
-1.318119
0.626821
0.428317
-3.968037
1.216791
-4.617896
-2.446122
0.466992
-1.229819
-3.798775
-4.640654
0.806871
-2.938534
0.904024
-0.270652
1.022372
-4.188926
1.273646
0.741962
-3.327585
-3.986191
0.696712
-3.567029
0.751886
-4.644788
1.266832
-3.567029
-4.623691
-4.539044
-4.631524
-1.388840
1.089674
-1.127805
3.562169
1.586233
3.393713
3.570482
-1.382098
3.382214
1.143148
3.490585
-1.382098
0.730092
-4.631524
-2.258096
0.381680
-2.276732
1.109716
1.141791
-4.631524
0.954665
-0.230631
1.139757
-4.636084
-3.567029
-0.237017
1.142634
1.266832
-1.457111
1.083327
1.066517
1.266832
-4.475342
-4.617896
1.274285
0.090397
-0.121084
-0.593845
4.338183
-1.084918
-0.016282
3.104995
4.677918
-0.848772
-1.543480
-0.566027
0.333598
2.456098
4.462089
4.836215
3.208863
-0.452646
-1.237044
-0.296273
-1.593903
-0.708240
0.944512
0.525243
-0.928445
0.814669
3.232651
4.640773
-1.210505
4.949686
3.788351
3.531844
-0.114459
-0.575839
1.001984
-1.274441
-0.321276
-0.509508
2.528497
-0.335969
-1.610399
-0.827026
0.765574
1.679183
0.176156
0.225929
1.162266
-1.384865
1.500130
3.165382
-0.083853
1.801433
4.385890
4.125513
5.734390
5.110414
4.213914
2.462531
4.386887
3.803042
0.773191
-1.210934
4.737748
-0.687656
0.548609
2.047589
0.520704
-1.363808
-1.012677
1.724435
-0.587249
-0.691824
2.528277
-1.273550
1.086548
-1.616983
-0.259544
-0.846274
2.249969
1.391334
-0.359888
1.902585
-0.433805
0.907771
-0.674102
0.626796
-0.219023
0.959189
1.932705
-0.122632
-1.544966
1.905545
-1.010236
4.113533
-1.210559
-0.492643
4.098712
2.472154
-0.802513
4.604420
-0.218821
4.576931
0.805173
5.162977
2.444250
4.629928
2.729610
-0.314886
3.419147
1.671791
5.056124
4.345414
2.523703
2.260973
-1.210645
-0.720072
1.383022
1.657606
0.264699
2.157261
-1.652227
0.337265
2.124053
-1.376119
2.528345
-0.513100
-1.207953
-0.734093
2.527983
-0.808646
2.527647
-1.551769
2.525636
-1.643695
-1.411336
1.508732
-0.866580
1.639966
0.194378
1.732029
-0.732226
0.314492
2.031136
1.763134
-0.139369
1.691828
-0.908412
0.354900
1.499166
0.215165
-0.625099
0.677392
1.742300
0.953648
2.103256
-1.325758
0.883282
-1.563506
2.526516
2.019628
-1.652572
5.185416
2.261045
-0.601890
5.721478
0.099335
3.339413
-1.211031
5.721478
0.958982
4.813451
2.350391
5.036272
-0.579574
4.187952
4.754313
5.306393
0.262119
5.443734
5.324382
3.921417
1.352061
4.759278
-0.962897
5.721478
4.200825
-1.210559
-0.607028
3.418622
5.144809
-1.208408
-0.218821
4.616175
3.777754
-0.020470
-0.793386
0.072241
2.324867
0.176134
-0.538308
2.064262
-0.235643
1.085660
-1.652572
2.303843
0.821745
-0.237087
0.019274
2.528751
2.528100
-1.385642
-0.971282
0.708703
-1.246948
1.221616
0.219067
-1.249096
-1.433711
-0.402582
-1.647065
-1.549215
-1.645381
-0.956436
-1.541277
-0.517774
1.850605
-1.652227
-0.880039
2.319517
1.003504
2.083346
-0.757460
1.970860
-1.142632
0.586910
0.247366
2.129729
2.194326
0.736248
-0.939669
1.790521
-1.521055
0.107344
-0.062047
0.786192
1.125356
2.260484
-0.177837
1.284476
-0.945168
0.108474
0.335796
1.244994
1.969494
0.489865
-0.644145
1.918953
2.215150
0.509651
-1.483088
2.523880
2.319517
0.182515
-1.582133
1.691121
0.912868
2.454370
3.416778
5.733351
5.724784
-0.753659
-0.902359
5.729749
3.970454
-0.845321
4.945859
-1.209805
4.344329
-1.210605
3.948236
5.676016
4.281522
5.581917
4.458008
5.386667
-0.492543
5.724784
5.452213
1.392310
1.103891
4.397573
-0.053543
3.881576
0.524367
5.078784
4.741975
-1.210005
5.555223
4.028218
0.332078
4.786016
4.916889
0.872271
-0.559903
5.721478
-0.874194
-0.208436
-0.388469
0.770635
2.528880
-0.259222
1.632289
-0.956547
2.257406
-1.652227
1.483069
-0.397050
1.483330
-1.083324
0.019274
2.395222
-0.553075
1.301041
-1.280366
0.622112
-1.404827
-0.648373
0.019289
-1.421533
1.119582
-1.653523
-1.258344
2.525636
1.214320
-0.869507
0.855555
-1.433740
-1.540809
2.523880
-0.646885
2.527983
-1.653777
2.518622
-1.646224
-1.130474
2.526516
-1.570719
-1.038727
2.206670
-0.458506
2.389387
-1.039439
-0.651215
1.572925
-1.653494
2.269944
-0.259463
-1.269239
2.525636
2.207341
-1.652227
-1.650503
2.354657
-1.653751
2.527647
-1.653840
2.523880
2.527836
-0.538383
-0.178277
2.282906
0.477464
1.731580
1.275216
-1.188980
2.371268
-1.652802
-0.299998
1.536446
1.817484
-0.226764
-1.096532
0.270266
-0.340021
1.814877
-0.476950
0.669267
-1.653609
1.355640
2.092732
0.960406
1.111074
-1.255313
2.296496
0.785921
2.242762
-0.607541
-1.566669
2.518622
-1.151789
2.267121
-1.628511
-0.833668
-0.553014
2.026845
2.529059
1.133997
-0.984169
1.764746
-1.211011
5.714878
4.494093
-0.218821
5.227785
3.303076
5.142824
1.506312
5.734378
-1.202851
3.442447
4.885092
5.708357
1.392310
4.781949
-1.210365
5.414551
3.233289
5.561635
0.177734
-0.013628
5.729039
2.647307
4.991858
-0.737503
2.954301
5.586115
1.102828
5.734002
1.103594
5.688765
-1.208408
0.682708
4.828007
4.893588
-1.209106
5.438352
-1.209106
-1.210915
5.721478
-0.956750
-0.474598
1.750734
-0.385806
-1.653797
-0.101457
1.071375
-0.817196
2.415965
-1.651652
1.179607
-0.665622
1.799924
-1.653326
2.459934
0.437145
-1.653641
0.960240
-0.198923
1.702183
-1.421449
2.523880
0.127731
2.528403
-1.448591
-1.132933
0.987794
-1.014135
2.319517
-0.638018
-1.502989
2.526516
1.538338
-0.869394
2.527044
-1.277492
1.931281
-1.652967
-1.498792
2.527044
0.855198
-1.538765
-1.596559
2.518622
0.798099
-1.177335
-1.652889
-1.608519
-1.607188
-0.346641
2.527647
-1.448127
-0.909217
-1.251784
-0.734038
0.653947
1.821130
-1.652572
2.413935
-1.652227
-0.366784
-1.653840
2.247353
-1.650503
2.528918
0.437145
0.068815
-1.013123
2.361637
-1.647065
0.900148
0.003505
0.839792
2.337716
0.488599
1.604303
2.390344
-1.647065
-0.389043
1.989133
-0.366725
2.074283
2.122434
-0.817196
-0.550046
1.563321
-0.859779
-1.561315
1.502993
-1.119841
0.004866
-1.340151
1.992756
-1.652227
-0.121525
-1.653840
-0.196487
1.124816
1.048304
2.223757
2.289641
1.698870
-0.332898
1.807670
-1.653186
1.608738
2.409352
-1.647065
2.261910
-1.650503
-1.653807
2.518622
-1.643388
-1.221043
-1.554202
2.527983
-1.073157
5.714878
1.566622
5.130336
3.597037
5.696131
5.732732
0.872270
5.572293
0.524367
4.161877
0.652225
3.023607
5.207032
5.734565
4.571778
5.031653
-1.210005
5.133541
5.637810
5.673625
3.595595
-1.210559
3.870529
5.258722
1.993544
-0.887996
5.695167
5.695167
5.582885
4.339511
5.734450
5.087772
1.101554
0.177734
5.001740
5.733778
2.952252
-0.741480
-1.149230
-0.715049
0.364460
-1.652802
2.302783
-1.437482
-0.239517
-0.532976
1.508732
1.931427
0.437577
2.529011
-1.650503
2.528629
-1.273188
-0.999427
0.736307
-0.608018
2.214201
2.494215
-1.647065
2.230198
0.716376
2.523880
-1.573383
2.036526
-0.749413
-0.938397
-1.472159
-1.303091
-0.243906
-1.143761
2.525636
2.527396
-0.934921
-1.566319
2.525636
-1.056052
2.124198
-1.288704
1.481830
-1.614799
2.523880
-1.653857
2.518622
-1.323635
2.525636
-1.653902
-1.625648
-1.608457
-1.647065
-1.622651
2.523880
-1.582941
2.523880
-0.966249
-0.085284
-1.268225
0.669686
-0.995140
-0.476309
1.373223
-0.712680
2.155505
-0.259463
2.488837
0.855198
1.544516
2.315201
-0.511695
0.369609
-1.121876
2.527647
2.528938
-1.650503
-0.138807
1.356714
1.103047
-0.338412
0.305208
2.528734
2.472181
-0.956103
-0.078492
1.437780
1.704301
-1.235127
0.019274
2.447893
-0.538449
1.007972
2.379405
-1.651652
2.528880
-0.085243
2.175621
-1.651652
-0.731164
2.526516
-0.919069
1.333585
-1.591728
2.523880
2.130554
-0.893049
-1.653777
1.482605
-0.157242
2.528403
-1.490894
2.525636
2.088716
-1.650503
0.174587
-1.534254
-0.872031
0.437586
1.294963
-0.636369
1.204494
-1.034074
1.374997
2.451599
2.363790
0.205111
2.051008
0.276668
2.053609
-1.652802
2.405829
2.518622
2.281248
-1.650503
-0.956103
-1.648616
-0.259222
-1.653777
-1.211145
1.103253
5.344079
-1.208408
4.378681
0.682708
5.734503
-1.202851
5.695167
5.568427
1.472216
5.190808
-0.393957
5.729039
5.732732
0.442441
5.343668
-0.053489
5.286361
1.993543
-1.209805
5.178379
5.668952
3.905419
5.734546
4.187952
1.103466
5.014979
1.763872
5.434624
-1.211001
5.714878
5.733841
-1.202851
5.394987
-1.207014
5.117866
-1.209106
-0.682414
-1.170331
-0.144045
-1.121400
-3.506783
-0.666759
0.162918
-0.908598
-1.633181
-4.909094
-1.248679
-0.776363
0.695344
0.378718
-0.819805
-0.492562
-1.305354
-1.644310
0.724086
-10.770597
-4.251347
-0.964526
-9.121792
-0.830717
0.430912
1.187268
-0.473422
0.082742
0.999830
-0.371678
-1.544009
-0.670982
0.598672
-1.345678
-0.174507
-1.663751
-1.098907
-11.119478
1.086643
-3.594977
-9.616359
-1.650532
1.093450
-0.581422
-1.080314
-0.491564
1.451552
1.260322
-4.512043
1.513985
-1.088009
-0.125893
0.773085
1.184167
0.053466
-0.110379
-2.880223
0.066522
-1.648922
-0.797188
0.284029
-0.013287
1.111293
-1.432644
-1.068899
0.314153
-1.418714
-1.666266
2.445433
-1.510222
0.435175
-6.882255
-11.682857
-6.546279
-2.074944
-10.635665
-0.730642
-1.487108
-11.655560
-0.824969
-0.153735
-1.059194
-6.938775
-1.000578
1.441671
-0.011209
1.825726
1.381238
-1.418515
2.282867
-1.689058
-0.984294
-11.635784
-0.246945
1.155866
1.038970
-1.082590
1.702349
0.819924
-2.589172
0.334547
-1.131241
0.337456
-1.953256
-8.420358
-1.193343
1.853983
-1.626718
-8.019585
-0.836982
1.281797
-0.117177
1.315040
1.279024
-0.420956
0.096406
1.553507
-1.444452
2.448083
-1.229794
-0.615586
1.646783
-0.465389
-1.690099
2.446275
-1.668784
2.445433
-1.628399
2.446275
2.447793
-0.310499
-8.562934
-1.990548
-1.507372
-8.942928
-11.242216
1.088948
-3.385185
-0.610236
-0.784222
-4.424555
-0.325971
0.870204
-1.111723
-0.281984
-1.254520
1.528319
2.007060
-4.129105
1.441998
-3.461271
-1.189889
2.226748
-0.151718
-1.717382
2.263765
0.131954
-0.115767
1.371094
-0.690120
-8.614005
-0.923595
1.781219
0.453849
1.475429
-1.164378
-6.157199
-11.648136
0.374105
-1.212102
1.930429
-0.032811
1.668123
-0.084606
-3.835084
-11.680689
-1.460956
-1.658114
1.265478
-0.968249
-0.457117
1.609956
-0.937320
-0.377331
1.745816
0.536731
2.025401
-1.689686
1.767609
0.880936
-0.801757
-0.540468
1.266119
1.837323
0.191140
1.493170
-1.452775
-1.243590
2.446275
-0.866683
1.041449
-1.546631
2.042854
0.547029
-1.079473
-1.667461
-11.611159
-1.627462
-1.686733
-9.535592
-2.454376
-7.419384
-0.095124
-1.133888
-11.672919
-11.234444
-11.537907
-1.568415
-8.614004
0.196804
-4.147698
1.667863
-0.836409
-9.245643
-1.689641
-0.422807
1.598393
-1.689724
1.159802
-1.091363
-3.752772
0.224881
-1.497992
-1.382733
2.445433
2.097526
-0.061126
1.584730
-0.600874
1.265478
-1.389082
0.186070
-0.525850
-1.289819
-8.488154
2.331161
-1.687895
0.482811
-3.401903
-0.596475
1.380577
2.047221
1.078149
-0.456187
-11.670437
1.926353
0.354339
-0.016826
1.177077
-0.862275
1.606180
-5.429249
0.340963
1.092190
-8.841405
0.765962
-0.530602
0.191130
-1.383607
-0.455265
1.096673
-0.540369
1.959739
0.594348
-6.763725
-8.396276
-2.313851
-1.115231
-1.690201
-0.957274
-6.569578
-0.745908
0.354125
2.026736
-0.500736
-0.627044
1.231344
2.026285
-1.688476
-0.704935
1.289770
-1.688825
2.249223
2.088766
-0.448329
-1.689524
1.340038
-1.040535
1.794884
-0.799504
1.319484
-0.913919
2.323091
-0.310440
1.939601
2.448210
-0.818760
-1.496110
-1.152814
-0.797780
-1.393950
0.187887
-1.062374
1.486098
-1.689224
2.448576
-0.507343
-0.157225
2.447793
2.446275
-1.327054
-1.674801
-1.235877
-1.626983
-1.683256
1.091842
-10.345336
-5.287436
1.093187
-1.003225
-11.648136
-11.454537
1.079787
-8.190670
-0.372771
-11.635784
0.408968
-8.637491
1.092810
2.082572
-0.310333
-0.827762
-11.648136
-0.483395
1.804551
-0.227466
2.273354
0.848159
2.412784
-1.122999
0.271231
-8.347079
-0.731709
-0.137250
1.954022
-1.377722
-7.394207
0.792538
-1.515978
2.198070
-4.122671
1.193109
1.989884
-1.604502
1.552926
-0.211601
0.592534
-0.731380
0.172326
-0.554565
-4.466275
-11.680830
1.092317
-0.034583
2.400335
0.572942
-11.648136
-9.850795
-1.142363
-0.892314
1.222240
2.088703
-0.655296
0.633396
2.429136
1.707170
0.394035
-0.054751
-5.294005
1.974431
0.191118
-1.098840
2.448509
-0.239713
1.543294
2.321303
0.899745
0.241302
1.758958
-0.926311
1.093261
0.809824
-8.463576
-3.910768
-0.126970
-0.257441
1.856419
-1.575750
-0.596848
0.312335
-0.897971
-2.500616
1.406563
2.152718
-0.770085
1.093468
-6.882255
-9.977245
1.090798
-1.084485
-8.672024
0.608958
-1.689965
-0.744292
-1.144588
-0.863536
0.462046
1.233645
-0.210361
2.343365
-0.141962
-0.810142
2.054208
1.774840
-1.689349
-0.507343
2.448565
-1.184081
2.446275
-0.600874
2.448480
2.346488
-1.686733
-1.687895
2.260526
-0.561186
1.804791
0.469186
-1.229619
-0.972738
2.446275
1.067657
2.448469
2.050447
-0.098258
-1.552042
1.930429
-1.493026
-9.106289
-1.344393
-0.053860
-0.928626
0.923700
-0.882585
-1.526312
2.448083
-0.652784
-1.230967
0.724086
-0.138051
2.448431
-1.460165
1.067657
-1.676507
0.378899
-1.573538
0.943350
-1.626002
-1.686733
-10.681733
1.088948
-4.203689
-0.537743
-11.682631
1.079787
0.212234
-11.635784
-3.549176
0.686556
-0.310119
2.362758
-0.172272
-0.930807
-0.887119
-0.092158
2.305619
0.367195
-1.252010
-0.876834
2.141883
-1.512037
-11.655560
1.093121
-0.413038
2.356801
1.412587
-1.632150
-1.536846
1.086643
2.295188
-1.686733
1.586414
-0.821132
1.070001
2.271061
-1.389713
-6.155337
0.043285
-1.129305
0.059741
0.980275
-0.363008
-1.157081
-0.326817
0.829562
-11.664058
-0.415186
-8.548835
-1.691291
2.448743
-1.686733
0.681338
-3.817636
-5.781695
1.093069
-1.083136
0.896439
2.260456
-1.686733
-0.347796
2.448300
2.448751
1.757756
1.815966
-1.689524
-0.065233
1.413987
-4.988587
0.196268
-11.677061
1.092810
1.996508
-0.507343
-1.501945
2.446781
-0.598758
0.432344
0.109335
2.347618
2.448634
1.068393
0.610137
2.195211
-1.330069
1.884039
1.860560
-0.862180
0.852959
-3.692616
-11.671791
-0.876796
0.012307
-9.106289
-1.613187
2.443749
-1.219764
2.447681
-0.556890
1.459465
-1.014445
1.695618
1.620949
-1.689446
2.214044
-1.686733
-0.710393
-11.635784
-0.637081
-1.480089
-1.166589
1.811456
-0.945562
0.523625
1.479966
-1.246572
-0.230815
1.997600
-0.488534
2.019491
2.448604
1.092512
-0.734002
-5.861017
0.220028
2.448469
2.448677
-1.686733
2.448642
-0.654788
2.054411
-1.687895
-0.683394
-1.598220
2.446781
-1.217119
-0.034597
2.141496
-1.501188
-0.138063
0.567216
-1.387994
-0.793379
1.652576
-1.061491
1.493170
-1.364272
0.770735
-1.567667
-0.544816
2.315306
-1.289500
0.723961
-1.327787
-1.610497
2.443749
-1.678213
-0.034583
0.378899
-1.690117
-1.624991
-1.686733
-11.140043
-5.287436
-0.871975
-9.972995
-4.192404
-0.118639
1.093289
-3.549176
1.093478
-1.363232
-0.493154
1.359697
-0.804233
-1.631273
-0.772980
-4.147697
-0.062867
-11.635784
-1.468524
0.880907
2.446781
-1.263885
-0.607686
-1.469423
-0.866357
1.389860
1.090798
-1.736577
-0.448329
-1.690123
2.448663
1.093087
1.864261
-0.115416
1.758665
-1.195185
2.310139
-1.683256
-1.630996
1.092921
-0.063742
1.728819
-1.180178
2.445433
0.300271
-1.121243
1.184019
-0.590755
-0.435854
1.528788
-1.119069
-11.664058
0.216967
-1.136428
0.130608
2.211741
-8.026898
-0.219473
-9.335765
1.090104
0.028667
-4.442062
-1.887362
0.836435
-0.507606
-1.425966
2.448565
-1.686733
2.447540
-1.119164
2.141139
0.973934
-0.285064
1.586235
1.750570
-1.689446
-3.740397
0.583764
-1.688825
2.020080
-1.690057
2.443749
-0.205037
-1.147361
-0.092700
1.857333
2.448554
-1.683256
0.100713
1.609724
-1.686733
2.360534
1.943766
-1.275792
0.882262
-4.007745
-11.648136
0.158899
-1.632168
2.438713
1.619660
-1.583927
0.379250
-1.330188
2.030948
-1.000040
2.446275
-1.071925
0.835227
2.273785
2.277359
-1.686733
-9.106289
-0.184278
0.894419
0.118907
9.918587
-0.229409
8.274896
7.383288
35.543026
-0.718250
2.225852
23.197443
4.775776
6.347635
14.445536
47.309795
27.077320
-0.769099
6.361167
1.061452
5.346713
6.671243
40.377853
2.609638
14.522713
5.350465
14.859208
33.541130
12.510550
50.913162
11.281830
14.709834
41.042706
-1.014680
0.532082
45.882599
4.793733
0.883799
17.682695
3.201638
10.135859
4.180228
27.588011
41.558628
7.374402
12.672235
1.685671
35.284454
0.743912
3.860469
9.517391
13.571583
55.077507
53.034576
9.766359
10.951503
36.434196
50.906258
53.100540
39.136971
9.897009
47.662388
5.145912
-0.712801
-1.674227
4.455094
-0.107553
52.574898
-1.009892
4.097954
53.125931
4.279110
0.501239
11.132383
56.065758
2.860810
33.033989
14.892522
2.490085
3.156778
29.100046
48.468773
1.886132
34.549805
46.434830
0.885296
55.344639
5.939219
31.842546
2.931167
-1.505662
29.316387
46.378124
-0.097668
55.907200
53.398808
3.765814
8.968984
47.371189
12.867768
56.024982
53.100540
55.058632
54.749767
-1.003795
0.358430
55.957752
10.090134
51.102055
44.682507
2.370258
51.794044
14.321525
26.472221
53.638126
7.126111
35.519543
49.504467
4.983039
-0.806539
1.490286
-1.677413
9.091236
3.836812
25.198837
-0.123596
44.450661
-0.999103
56.065758
3.948169
55.344639
2.444916
9.965618
0.281525
4.934514
6.132808
56.016827
2.672874
23.454668
50.173538
-1.356904
13.055047
36.725056
2.163729
55.737225
21.160030
2.231503
42.321815
-1.012875
33.179192
56.055317
41.778419
22.577267
50.157928
41.603054
3.949572
45.126213
41.584709
-1.016477
2.382503
22.805761
-1.569764
54.575829
49.833004
24.779856
48.654140
21.141117
-0.466226
55.605747
3.536942
20.304979
14.635382
6.553361
10.294899
50.789673
5.653863
16.816362
53.100540
55.039074
56.109337
-0.999103
40.842594
9.430851
56.059128
-1.003795
55.297729
26.858356
13.176122
52.216198
14.001222
55.935631
27.170424
56.060902
5.710553
55.889717
47.040417
-1.013311
51.365524
25.726648
-0.341094
-1.077156
8.009574
0.974160
-1.682697
1.537484
33.226517
3.568238
9.219270
50.475567
-0.197126
9.665680
3.797519
55.344639
2.302254
55.605747
20.336540
1.743020
0.263871
55.737225
30.012844
3.542303
3.677972
34.973644
2.410878
15.544804
53.961510
-1.003795
11.879940
47.300972
10.025353
42.894997
1.833377
55.737225
55.501011
1.906906
33.258778
50.782951
36.456326
11.840094
50.648338
-0.999103
43.807034
-1.013311
3.054008
55.680805
50.591812
20.177385
2.322568
55.501011
35.129581
1.087950
-1.634351
36.390949
52.778454
-1.003795
17.804161
42.589058
49.869389
15.187451
17.741638
-1.146816
1.829304
4.906268
9.695642
56.046429
13.504822
52.783302
39.468433
5.943558
13.083315
53.787796
4.658292
55.869335
56.043888
15.563480
56.076069
-0.963093
-1.013311
56.038349
14.749395
5.946914
56.090275
-0.963093
15.546181
55.869335
53.836647
42.758949
36.908447
3.370881
55.907200
4.091720
7.088780
56.032097
52.510597
16.495052
46.462311
-1.013998
-0.499191
0.608945
10.742742
-1.094118
46.883659
5.045962
0.900008
55.605747
0.829699
-1.684833
55.947338
16.335825
3.414953
45.257481
5.458604
55.605747
56.060902
20.269636
-0.209320
55.605747
4.483256
53.398808
3.272441
29.260855
2.018697
44.535034
17.508465
44.294044
1.203619
55.344639
0.250623
55.605747
51.663277
-1.382008
3.234406
48.643707
2.359977
55.680805
53.126610
2.373902
56.068657
36.734322
18.287819
5.623781
54.929562
21.760376
5.095056
55.085976
45.974068
4.670527
1.123278
20.845119
55.085976
1.710264
18.745193
43.574493
9.324971
55.037743
48.620197
5.315382
5.330125
43.709797
51.115864
21.596426
26.092527
47.488678
41.648670
1.878182
53.203083
-1.003795
-1.015084
45.257481
6.777912
1.718877
6.577279
41.809692
-1.646601
-1.016477
17.695923
54.356422
9.065550
29.827736
47.258080
-1.011712
42.331429
52.800255
-1.277220
36.390949
55.680805
1.754195
11.172307
4.088558
55.816418
5.533666
12.469138
50.686729
27.170424
56.032097
7.967293
56.041203
55.975460
5.583347
54.904984
-0.963093
3.718480
51.129116
44.647995
14.318604
12.417504
53.638130
4.802678
46.262112
3.363504
24.306265
15.187451
54.274403
54.548603
16.272942
3.488083
55.501011
53.058125
-1.003795
0.085125
-0.853539
0.524769
55.781193
-0.213209
50.807648
-0.064929
-1.247548
35.291183
1.665307
0.815305
32.168228
-1.695335
-1.063782
2.619488
10.938845
2.702677
36.734322
-0.215419
55.085976
21.927805
2.147125
55.501011
3.077047
11.494961
1.553013
13.723125
37.451859
56.016827
-1.009892
0.243021
38.767784
0.215439
18.050180
52.964214
26.792990
1.650552
15.644356
44.450661
2.302587
-0.963093
54.549332
14.618427
38.812691
50.276398
4.670389
56.070019
-0.963093
25.304800
51.439831
44.450661
0.774633
43.297165
6.851606
27.170424
1.584682
48.816860
5.323804
50.646275
-1.012351
53.100540
55.027393
50.751350
17.695923
16.523514
1.072048
51.729248
30.539902
14.719348
55.845268
31.833326
50.725296
1.184178
55.501011
38.767784
55.261337
2.037573
53.739937
1.516161
15.848121
45.435654
-1.006631
-1.654188
-1.015374
56.085335
-0.989850
55.605747
6.922530
10.785475
37.590626
51.523876
11.608933
56.028660
25.117432
54.749767
32.168228
-1.487099
5.095053
1.529103
16.560904
8.701586
56.051105
3.959682
48.816864
22.403761
9.451853
56.024982
-0.999103
55.816418
5.401294
49.470867
56.055317
44.450661
3.019620
-1.009892
53.047543
33.600620
12.298659
37.317139
9.115008
17.695923
56.062592
4.214327
55.907200
-1.008530
56.024982
54.805161
27.428007
53.100540
54.526882
9.169136
55.501011
3.242690
54.575829
43.282490
54.753063
34.456673
0.064581
-0.915240
1.386248
0.459122
55.680805
11.144408
-0.086687
55.344639
-1.251233
46.883659
-1.010915
30.539900
0.753218
0.765551
55.344639
0.053299
-1.699649
54.575829
-1.191767
45.126221
2.391659
9.371183
55.907200
0.649030
-0.662669
2.721672
55.781193
50.676346
6.881903
36.734322
1.453021
11.145353
43.970837
45.664772
16.495054
8.154531
-0.984842
1.282981
-0.258138
-0.989850
56.043888
1.389183
55.501011
51.250568
7.824167
2.258774
55.605747
56.048832
-0.963093
10.857101
28.338608
49.833004
27.122021
4.178312
50.133541
53.063084
13.083314
13.513713
0.578103
1.451845
54.575829
0.712556
55.085976
53.227036
-0.999103
55.519852
48.643707
21.596426
54.549332
-1.241387
17.862898
52.084373
-0.989850
19.713757
55.845268
51.720005
-0.999103
0.201251
29.626604
56.086853
36.390949
1.701623
55.085976
56.067238
-0.989850
1.152523
5.156685
33.613625
56.032097
-1.661586
-1.015236
5.776134
55.085976
10.353403
42.041874
33.084908
54.329079
55.195709
-0.963093
-1.558023
8.427184
1.411777
33.801716
14.689914
0.493527
2.478692
5.959771
56.074951
14.097811
8.754646
55.889717
3.190989
8.634388
2.654860
55.344639
17.695923
56.043888
56.074951
8.109337
10.342022
29.021593
56.081997
1.945662
7.757332
48.559937
3.301639
37.020115
54.990604
-0.989850
-0.963093
55.297729
55.344639
2.744975
28.636244
54.309422
40.971771
55.579350
-66.280823
-24061998.000000
-1.975723
-3.596281
-0.865224
-4.957525
-1.089692
-0.684871
-5.395488
-8.511317
-3.665984
-0.944005
-14.080747
-1.485853
0.155101
-3.370075
-12.074276
-10.954427
-6.333785
-2.727717
-7.019693
-0.763775
-12.823208
-0.800879
-2.893553
0.199757
-11.545153
-9.670646
-1.352344
-11.646485
-2.968899
-9.502789
-3.531670
-2.080458
-7.470999
-8.842216
-2.006815
-0.496927
-4.808636
-14.073977
-0.716907
-5.110513
-1.163428
0.235619
-11.034834
-0.441674
-14.061805
-8.215513
-13.001064
-11.182928
-3.258707
-11.178582
-1.218247
-4.608665
-0.821267
-11.739073
-4.157363
-4.387893
-12.148698
-0.821068
-10.289770
-3.006489
0.111642
-1.794998
-14.086677
0.188215
-1.597851
-6.554163
0.183266
-12.396831
-0.821253
0.269651
-5.661167
-0.039917
-13.998245
-12.275345
-3.981440
-13.592474
1.073052
-13.354569
-3.385610
0.244434
-9.422476
-3.227278
-9.308075
-5.822047
-0.342756
-13.677036
-3.977251
-7.595143
1.075600
-10.051195
-0.610240
-13.510365
-7.774243
-6.505862
0.731039
-1.580133
-9.847891
-1.751228
0.494772
-0.303624
-14.051172
0.426096
-12.567338
-1.276826
-6.741005
-8.379537
-3.126876
-14.033485
1.075970
-0.546438
-14.068902
0.313852
-7.345083
0.609066
-14.033485
1.060215
-13.716770
-14.100799
1.070891
1.076070
-11.034834
0.859255
-5.534005
-12.581636
-1.601226
-0.744935
-12.496533
0.043601
-9.303125
-14.098378
1.060215
-9.388296
1.073593
1.075880
-9.745989
-4.980891
-14.101516
-3.963901
1.075912
-12.183777
-0.821178
-0.335799
-9.351622
-13.998245
0.553878
0.586319
-13.998245
0.584727
-6.505863
-0.062248
-3.136324
-11.415338
-1.768414
-9.223696
1.074678
-10.523146
-0.504864
-4.923666
0.215847
0.350146
-9.021403
-6.489466
1.076043
-13.843190
1.060215
1.060215
0.856110
0.297691
-8.209300
-14.098548
1.072240
0.173100
-14.051172
-11.034834
-0.342408
0.139197
-8.007862
0.744831
-1.874723
1.060215
0.569994
-1.127078
0.813985
0.345946
-4.156274
-12.201105
-1.496584
-7.163142
-12.654127
-7.581995
0.705785
1.075450
-9.670645
0.509362
-11.545153
0.521712
-1.235875
-14.102389
-12.068175
0.852873
1.060215
-8.998693
1.075856
1.074678
-9.447132
0.269931
-10.270319
0.552737
-4.233758
-14.033485
0.686925
-13.998245
0.809959
1.075746
-14.073977
-0.232319
-14.051172
0.904556
-1.091588
0.496463
-14.033485
-13.573912
1.070891
-0.977479
-14.073977
-2.717602
-10.904178
-14.098860
1.072240
1.075902
-13.893582
0.693558
-14.033485
-0.544068
0.677471
-9.267845
0.134849
937.787109
8178999.500000
333.629547
232.326019
348.448364
201.366882
403.005554
323.388336
380.759705
115.343575
252.665543
198.886475
417.985748
332.093262
190.643784
382.886139
-0.968437
100.155182
404.233154
278.302551
47.451393
340.535339
218.087769
112.980431
338.841949
393.667389
345.202484
211.723312
66.045166
339.787842
220.641754
-0.989770
200.893799
269.155975
354.098633
257.588562
56.764156
60.163124
296.902069
362.335327
76.684525
-0.924594
394.850891
207.837814
363.768433
292.341797
47.320183
34.447468
229.146896
235.259705
388.185364
247.536636
18.656965
55.220432
291.361786
316.299469
368.700043
280.673370
-0.968437
-0.988967
387.121033
281.636078
30.785187
391.159790
-0.906996
396.421875
203.238068
-0.978182
293.550537
377.753693
170.603577
55.746616
351.884888
31.723351
295.413788
-0.973146
319.166565
-0.879109
398.855713
163.934357
315.421661
24.185978
284.587952
317.117584
98.179726
339.880493
175.509674
383.563995
319.602325
149.172165
328.135162
25.825956
295.413788
407.357910
-0.828182
399.171783
295.397156
396.198059
127.122414
76.684525
381.526794
368.076904
23.314674
162.712265
412.462952
295.413788
398.663483
122.293869
402.749542
367.922760
113.211441
-0.987010
130.106857
85.668190
331.931488
395.899689
34.640800
352.167877
177.166168
74.914627
369.073212
359.536621
405.760773
354.043060
205.680008
404.233154
32.112862
384.299652
219.008850
368.076904
10.159168
295.413788
407.097809
328.361237
402.113251
53.587418
413.888916
389.768402
215.641602
8.984154
168.384155
406.046265
122.106232
306.461273
54.580025
416.670349
79.780388
344.321350
61.722580
23.454205
295.413788
359.387482
135.431046
302.290466
24.643120
215.641510
-0.990810
251.044525
372.152313
407.852386
-0.879109
365.875092
100.643105
345.539093
91.628899
402.561340
154.293655
-0.945561
275.173676
4.656211
295.413788
172.962952
415.805450
397.281097
175.774307
198.886475
403.118408
391.884003
-0.828182
-0.998798
133.011902
409.944397
-0.705562
28.759180
368.076904
284.474030
385.565369
-0.989381
346.754089
364.342194
-0.936710
326.275787
50.262962
399.416504
335.682861
411.195679
295.917053
184.431046
381.089386
76.684525
387.295410
59.947639
379.752930
402.268097
295.413788
-0.996645
295.413788
415.626404
-0.828182
368.688110
407.241486
232.528809
402.181885
-16.047562
-24021998.000000
1.774271
1.032385
1.978563
0.010138
1.387268
2.035617
0.540536
0.349062
-1.541693
0.744351
1.772113
1.796864
2.305961
1.470913
-0.542963
0.083109
2.476370
-1.616055
2.611835
0.251614
2.312610
1.814017
-1.615201
2.025104
1.322073
2.374160
1.727288
1.847368
-1.615494
1.435719
-1.459060
-0.330155
1.445270
0.655471
-1.371503
2.508193
0.503097
1.347844
2.198963
2.072721
-0.556323
1.000631
2.071592
2.096038
2.487489
-0.090093
1.968957
0.768205
2.537911
-1.616046
2.617359
-0.952632
0.806103
-0.203093
2.079209
-1.483511
1.042205
-1.616038
2.619205
2.622753
-1.612760
1.748133
0.218635
1.093981
2.469639
2.106099
0.079442
1.244252
-0.618708
2.191101
-1.615201
2.233292
1.145577
2.509452
0.340211
0.927185
2.296751
-1.050671
2.372957
2.622681
-1.609356
-1.364292
2.016712
1.774902
-0.878785
0.695782
2.622510
-1.615957
2.611835
1.262178
-1.333197
1.916344
-1.615418
-0.577986
2.386840
2.017120
-0.946638
2.534542
0.738521
2.118607
-1.614810
1.557193
0.052395
-1.439423
1.350894
2.335829
1.033067
0.992382
2.349060
-0.878785
2.228354
-0.555818
2.519130
2.296449
-0.946638
0.310559
2.462253
-1.567929
0.014234
-0.404766
2.237249
1.492440
-1.615608
-0.556211
2.092965
2.621517
-1.202485
-0.556113
2.622580
2.586467
0.805668
2.136260
-1.615201
1.759833
-1.262699
-0.885237
1.562951
-1.616029
2.617359
0.927010
2.455196
2.622322
-0.556290
2.442713
0.267796
2.622622
-1.614468
2.535028
0.856319
-1.613898
2.557097
-1.567375
-1.609356
2.622537
-1.613898
-0.148779
1.836560
2.410876
0.503288
-1.615957
0.079422
2.622850
2.057114
2.151524
-1.615038
1.840278
-1.144630
-1.439422
1.774337
2.198688
-1.615038
-0.555818
2.524827
-1.613898
2.473384
2.562622
2.294217
2.622810
1.774337
-1.566808
-1.609356
-0.074679
2.248775
2.527204
0.200451
1.888559
2.350375
2.316062
1.422204
-1.525847
2.611835
0.503008
2.597452
2.513052
1.081005
2.269534
2.586249
2.484962
-1.615038
8.616227
7487999.500000
0.813773
268.631073
0.345376
35.286411
390999.968750
26.227736
0.117156
10.818047
41000.000000
19.898746
52999.996094
-1.223130
0.325834
3.059787
12999.999023
15.002735
41000.000000
7.236231
-1.312703
6.210793
0.290840
-1.117739
6999.999512
12.733852
19000.000000
-3.951899
14999.999023
-1.710893
0.953056
3.122744
14999.999023
-0.078508
0.745703
131.854889
10.287041
-3.157991
-1.156922
-1.985904
1.270101
2.093394
5000.000000
0.017162
-2.345442
0.878304
-0.211459
131.854889
-0.000000
15999.999023
8.337415
-3.521606
0.523549
-0.866523
-4.006371
1.475785
2999.999756
0.164543
-1.266548
-3.989828
-1.314368
-0.222670
0.923678
-3.092872
0.100764
131.854889
-0.000000
7.362602
7999.999512
-4.047966
-1.539651
-0.186272
-1.817279
-4.700481
-0.968397
1.475785
-0.000000
-0.317244
0.558276
-0.309358
-2.603064
-4.252789
1.266396
1.269798
-2.414035
0.618678
-2.425750
0.075881
0.987974
0.424890
-3.278574
131.854889
-0.000000
6.387788
7999.999512
-4.215594
0.075794
0.606480
-3.953374
0.161187
-2.212807
-3.581301
-0.809128
1.475785
-0.000000
-2.529647
-0.140697
0.606145
-3.207221
0.308655
-2.280052
-0.806747
-3.874110
-1.117073
-4.700481
-1.443861
-4.699278
1.270021
-4.696607
1.207898
-3.120054
0.994621
-4.687287
0.632429
-2.862595
131.854889
-0.000000
5.534828
6999.999512
-4.306264
1.266396
-0.851196
0.735386
-3.744955
1.269488
1.268661
-3.992401
-3.757240
-0.206622
1.475785
-0.000000
-0.968975
-4.216430
0.101517
-1.249530
0.654255
-2.709897
-1.825731
0.942012
-3.594662
1.269419
0.772363
-2.529156
-4.397204
1.268914
-3.646214
0.896626
1.204476
1.268661
1.269094
-4.258011
-4.694274
1.007960
-0.919175
0.896929
-19.940390
-23395998.000000
4.184301
2.359519
4.688227
2.068205
5.346946
3.452658
5.020658
3.101808
1.395366
5.646519
-1.192658
2.931313
5.390438
4.584861
5.558178
3.666883
1.522672
0.829904
3.177310
6.030711
0.437883
1.869701
3.680502
5.579334
-1.192867
4.786559
2.902401
5.647094
4.175941
2.586618
4.747027
-0.005857
2.855119
0.481872
3.126559
1.717543
4.900787
6.151117
-1.189749
1.313486
3.549648
4.424102
1.579669
2.652655
5.854846
4.146533
5.226125
3.725937
-0.734906
5.681466
2.652655
-0.704066
4.879788
0.793448
3.867318
4.983553
-0.377631
-0.581913
4.311132
0.438150
4.926368
-0.348573
1.297642
3.768758
-1.193321
2.795839
-1.193827
5.391142
-1.192867
-0.105872
2.155715
5.154839
0.989515
2.703349
4.975118
3.137615
-0.290010
5.918635
-1.189749
3.065410
4.817063
3.661220
5.384191
-0.874465
4.285785
-1.193925
6.136469
4.003865
5.743276
5.853114
2.478081
3.579215
-0.064017
4.422789
0.534030
5.798564
3.527691
-0.936258
6.136469
-1.193753
3.700690
5.570505
-1.191930
-0.646780
2.956805
-0.175902
2.115355
4.436976
0.904154
1.767612
6.149117
3.088931
5.759160
1.699229
-0.900206
5.231692
1.688260
5.742626
-1.192367
-0.214651
6.145045
1.365563
5.461592
-1.193023
5.140730
-1.193242
3.774565
3.699936
-0.931654
4.619744
6.076698
3.361952
-1.193720
5.485289
3.024491
-0.064006
4.713926
5.754337
4.744071
4.836327
0.982091
5.433880
1.560009
5.833346
4.260227
2.475657
6.150827
3.944912
-0.793344
3.002983
6.150516
6.026615
1.951953
-0.459389
5.122359
-1.062809
6.106637
5.753296
-1.185411
-0.801120
2.477170
3.351992
-1.102198
1.467981
5.037405
1.865411
5.079486
3.513947
-1.193738
5.853114
-1.185411
-1.193534
4.109369
6.136469
-1.193998
3.566445
0.712863
6.009386
-1.189749
0.797812
6.145045
5.905198
-1.189749
3.503355
5.804807
4.903450
-0.214598
6.128984
-1.193958
6.113599
2.469618
3.653409
-1.193657
5.646129
2.284498
3.831571
0.318145
5.053441
-1.192367
5.799691
2.068910
-0.704066
4.941956
2.637956
5.707860
5.957041
-1.191202
-1.192367
5.854538
1.125113
4.986494
-1.193941
2.475657
1.065769
4.681227
6.128984
6.024461
1.253396
5.971267
-1.062809
-0.000000
1.251355
6.150169
-0.913961
3.000226
-1.185411
-1.101034
0.113993
2.768381
0.903680
6.149759
5.497657
-1.191202
4.543600
-1.192867
6.150836
1.741568
0.642049
5.286166
0.111759
4.575032
6.006600
6.106637
3.701662
-0.807352
1.686270
6.150208
-1.191202
5.905266
0.030113
5.525476
4.307181
6.151263
3.966143
-1.193632
5.911597
3.463457
0.764524
4.926789
-0.921808
5.096773
5.600054
-1.192867
-1.191202
5.828512
0.641892
5.070622
6.148837
0.578814
0.274601
5.952567
3.693912
6.150208
5.276866
5.958115
3.070348
6.150611
6.023356
6.106637
6.150369
-1.185411
-1.060422
-1.185411
-1.027138
0.641990
-1.099841
-1.185411
-0.807404
3.395330
0.955645
4.891222
5.808850
-1.189749
5.830258
1.253396
5.913141
-1.191202
-0.637562
2.171956
6.003703
6.106637
-1.193876
6.128984
0.597387
6.146977
6.040538
3.210890
5.824075
-1.189749
4.177939
-1.193321
5.995543
1.951953
6.148482
1.913099
5.387795
-0.144593
6.150776
3.557387
5.855940
3.000226
0.274802
5.193270
6.083063
1.251355
5.707151
2.775932
5.991157
4.491744
6.148482
0.183100
5.693799
7453999.500000
-0.270645
-1.700479
0.097432
-1.916773
0.798857
-0.873612
0.359533
-3.398933
-1.705041
0.984730
-4.445917
-1.387221
0.367710
0.440954
-1.698792
-1.977121
-4.141716
-1.141524
-2.248962
1.082690
-4.439554
-2.690511
-0.807987
-0.062782
1.289599
0.115386
0.813773
0.234989
-2.475446
-2.741592
1.288989
-4.344748
1.287813
-1.517221
0.123996
-2.545585
-0.256232
1.184244
-4.439554
-0.821284
-3.338973
-1.925798
0.004397
1.146031
-0.659747
0.426137
-0.527605
0.919717
-0.153037
-2.154690
1.289445
-0.312704
-3.652524
1.288605
-3.446960
-4.452064
1.285970
-2.159683
-0.514938
0.782974
-2.044001
-3.328120
-2.104065
-2.776898
0.864240
1.289593
-1.579052
-0.195309
-4.449743
-3.640831
1.289045
-0.840383
-2.993893
0.151613
-4.449975
1.289568
-4.439554
-1.620520
0.128359
0.493509
-3.388253
-1.714799
-0.175527
-4.448042
0.937524
-4.451023
0.327312
0.941501
-4.449743
-4.119092
-0.432678
-0.145619
-3.813694
-1.290006
-3.048586
0.332650
-1.699171
-2.533463
0.883614
-4.067945
-0.145776
-3.636571
0.847598
-3.594073
-1.581286
-2.533463
1.064367
0.206251
-4.447192
-3.778550
1.288183
1.289451
-1.677986
-3.711178
-0.972153
0.264938
-4.449105
-0.329817
-3.100726
0.562791
-3.302011
0.582221
-1.412319
-3.362973
-0.876122
-0.005906
-3.788929
0.978659
-0.350862
-1.275739
0.898127
-2.533463
1.289416
-4.280534
1.285970
-4.266284
-1.005967
-0.508297
-3.273978
0.382921
-3.610633
-1.065857
1.198411
-0.312704
-3.685999
0.993626
-4.439554
-2.538069
-4.204601
-3.943236
-0.145724
-2.423385
-0.292290
1.289511
-4.439554
-2.087257
1.289457
-3.994220
-1.580751
-0.719955
-3.659580
-4.088592
-1.580670
-0.198952
-4.448042
0.383983
-4.449105
-4.449460
0.906691
-3.813493
-0.350611
0.830242
-4.445917
-0.547734
0.665249
1.289367
-2.983026
-4.107309
1.288737
-0.115279
-4.451023
-2.112757
0.221657
1.057882
0.420457
-2.885557
1.289445
0.213006
-4.450596
-1.801368
1.193103
-2.533463
-4.362193
-3.012485
-4.451353
-1.182478
1.289388
-1.899711
-4.451084
-3.785635
1.287813
0.438908
-4.450170
1.289542
-4.426880
0.231897
-4.447192
0.141238
1.289559
-0.972153
-4.451353
-4.296897
-2.153042
-4.149782
1.287199
-0.719920
-3.042755
0.115163
-3.875877
1.287813
-4.127144
0.213019
-4.450170
-4.228276
1.285970
0.534133
-3.125850
1.039925
-1.579807
0.733920
-2.638649
-0.123277
0.793977
-0.241435
-4.451386
-4.332156
1.285970
0.797429
-2.776897
-3.520623
0.951578
0.297655
-4.449105
0.568294
1.130751
-2.856399
0.715448
-1.359873
1.289273
1.289597
0.013662
-4.451897
1.282299
-0.655135
-4.449743
-3.877908
1.285970
1.289378
-2.058830
1.002277
-4.008839
-2.535885
-4.397382
1.287813
-4.451949
1.289341
-3.437851
-3.326243
0.571507
0.500107
-3.731875
-4.370685
-2.218607
-4.447192
0.755426
-4.296782
-2.533463
-0.231701
1.013282
-1.576792
1.118164
-1.006737
1.289504
-3.375076
1.288429
0.623901
-2.068619
0.816493
-4.447192
-4.426880
-4.329599
1.201218
-4.447192
1.287813
-4.103587
-0.577616
0.589413
-2.102767
0.900349
1.146862
-1.006544
1.038617
-2.762554
-11.960485
-23237998.000000
1.151499
0.484357
1.535630
0.227347
1.734495
1.604497
-0.011437
-0.560776
0.506744
1.841560
-0.333770
1.371406
1.859992
0.836757
-1.417315
-0.657582
2.241046
0.955608
0.135061
1.918911
-1.069253
1.059201
1.732256
1.976258
1.395136
-0.348519
1.671430
-1.744952
2.240012
-0.982336
0.321412
1.231643
0.175428
-0.353189
0.578728
2.029611
0.597360
0.127085
1.218126
1.293786
1.919258
1.991791
-0.591127
-0.404520
1.515117
1.566674
-1.425877
-0.995260
1.873500
-1.805349
2.232488
1.288985
-1.079855
-0.504621
1.630532
0.542226
1.582155
1.543659
-0.425795
1.646183
-0.530232
-0.000725
1.119231
2.070194
-1.803637
-0.681147
2.240876
-0.942054
0.905590
1.413260
0.519771
2.241398
1.009093
1.944561
-1.804002
1.799040
2.128476
1.698751
0.174962
-1.544164
2.232488
-1.803637
2.110836
-1.227308
0.269887
-1.602950
0.493916
-1.130202
1.983034
1.067557
-0.834117
1.701096
-0.527355
2.079475
-1.804549
-0.717173
2.240826
1.980169
-1.803030
-0.222505
-1.268206
-0.581360
1.566919
1.526000
-0.172456
2.101199
-1.803030
1.431547
-1.307289
2.241290
0.091556
1.070233
1.863165
1.064711
-0.363416
0.749439
2.151396
1.998194
1.267153
-1.355188
1.840979
2.140719
-1.803030
-1.355188
1.781059
2.240699
-0.456416
0.217810
-1.805191
2.241360
0.891926
-1.296685
2.240228
1.735211
-0.749595
-1.701516
2.232488
1.518628
-1.299260
2.241317
-1.803030
-1.299260
1.396887
-1.602950
2.240617
1.780760
-0.456313
-0.455852
2.241329
-0.996027
1.373915
2.241211
-1.801816
-0.040110
-1.805201
-1.567342
1.505154
-0.786995
2.240699
2.085706
-1.804549
1.680053
-1.804549
-1.272828
2.028092
2.140878
0.995987
-1.419942
2.236997
1.543552
-1.111564
1.312341
-0.266452
2.049388
0.272689
-0.606265
1.460475
0.401955
-1.678781
0.183728
1.583808
2.241317
-1.798185
2.042558
1.066453
-0.527355
2.241264
1.857210
-1.803030
2.152946
-0.792914
1.835566
-1.804002
-0.793616
2.239258
-1.337589
2.239258
-1.805269
2.232488
1.720556
-0.937980
0.891326
-1.805264
1.042365
2.025867
-1.124241
2.239258
-0.802640
0.622711
2.239710
-1.763667
-1.176758
0.049402
-0.455852
2.241337
1.778271
-0.648805
-1.805240
2.239710
2.203669
1.649119
-1.660805
0.506808
-1.425877
2.238503
1.463228
-0.649087
-1.311797
1.162171
-0.070999
2.097424
2.240876
-0.925520
1.849800
-0.263703
1.431961
-1.400480
-0.455852
-1.805210
0.541768
-1.805056
1.858598
-1.804245
2.069952
0.795941
-1.069253
2.241070
1.525862
1.963766
2.168901
0.892227
-0.287697
1.888486
-1.481463
1.662421
-1.358397
2.236997
-1.804245
1.943242
1.478961
-1.467718
2.122454
-1.804245
0.324461
-1.459915
-1.003662
2.240228
-0.818311
1.286559
-1.805386
2.232488
-1.400700
0.373567
-1.805032
1.066453
1.866756
-1.803637
1.815138
2.228089
-1.804245
2.241264
-0.648805
-1.805311
-1.805210
2.238503
1.589143
0.008702
-1.494000
2.236997
0.723538
2.133929
-1.298932
2.146198
0.034064
2.072550
-0.972143
1.321672
2.179125
-0.456262
0.217810
2.081655
1.776620
-0.793515
1.591058
2.068634
2.185265
0.892227
2.058917
1.064140
5.586110
7490999.500000
-0.093911
-1.400657
0.269742
-1.628322
0.836139
-0.281530
0.647073
-0.863300
-2.175668
1.050773
-4.061223
-0.731554
0.530314
0.423877
1.023627
-0.237153
-2.209786
-2.745841
-1.209668
1.326218
-2.103423
-1.812478
-0.361260
0.582204
-4.062438
0.524689
-0.757392
1.114290
0.422156
0.015722
-2.645774
-3.261745
-1.134832
-2.976928
-1.252000
-3.424930
-0.676134
-2.745678
-0.853724
-1.236710
0.085636
0.623381
-4.061744
-0.439774
0.621355
-0.117017
-3.016142
1.145390
-0.183205
-2.177382
0.790954
-0.849071
0.789960
-3.506516
0.128168
-1.692401
-3.830173
-2.829083
0.713560
-3.243440
-1.844869
-0.536067
-4.063308
-3.679435
1.323899
-1.826941
0.201497
-0.599056
-3.363155
0.371574
-2.205717
-2.106971
-0.297184
0.252818
-2.820372
0.740282
-0.969855
-3.020899
0.119862
0.854990
0.195449
-1.807886
0.748605
-0.633830
-4.063997
1.160100
-1.906357
0.860819
-4.053945
-1.572656
0.330961
-4.060494
0.920463
-4.064538
1.323899
1.325385
-3.660044
1.191339
-4.059401
-3.294639
1.324493
0.786951
-2.654658
0.978292
-2.491894
-0.983458
-4.064425
-2.698918
0.282780
0.513303
-2.819591
0.483829
-4.062682
-3.529441
1.324849
-3.613986
0.941133
0.691806
-2.909400
-2.495209
-0.189951
-2.637386
0.263224
-3.126549
0.371507
0.128168
-3.704798
-1.282120
0.829220
-2.379737
1.080961
-4.063997
1.325087
0.604218
-1.629876
0.872609
-4.059401
-0.433325
0.749228
-3.442104
0.691806
0.989263
-4.059401
0.966056
1.307970
0.037085
1.268232
-4.063960
-0.843275
-4.059401
0.619187
1.002187
-4.057581
-2.266464
-4.064167
1.326095
-4.043076
-3.569045
-2.548466
-3.914533
-1.090242
-1.367454
1.326014
-0.539778
-3.844402
-2.266464
1.325953
0.691992
-2.522601
1.133519
-4.059401
-3.805928
-1.368836
1.191417
-4.059401
-0.092420
-3.958745
-1.017581
-3.102014
0.363502
-4.059401
-0.598902
-4.063777
-1.638634
1.009096
-1.298268
0.590694
-2.189177
1.325385
-1.907727
0.888734
-3.829577
1.325484
-2.103423
0.899206
-4.063047
-0.092420
0.460417
1.045424
-1.828012
0.242482
-4.061744
0.854535
1.326166
-0.470603
1.011278
-4.059401
1.317045
0.247781
0.427698
-4.059401
1.326197
-4.043076
0.138385
-3.360892
0.777954
-4.053945
1.058175
-4.053945
-3.682728
0.555686
0.876622
-3.037789
-4.064247
1.319166
-4.064406
1.322712
0.806039
-1.906357
1.323899
-3.932124
1.326181
-1.367454
-4.064434
1.319166
0.496767
-2.985838
-3.266017
1.324493
1.008832
-3.595235
-2.265786
1.213891
-2.173035
1.325902
0.805596
-0.711792
0.490428
1.126592
1.202266
-0.983836
0.950641
-0.930424
1.058444
-4.053945
-2.627041
1.325902
-1.686157
0.652360
1.040504
-0.567827
1.104887
-0.238853
1.133519
1.326273
-1.906357
0.743343
-2.405059
0.857382
1.101523
-0.633830
1.106832
0.128168
-3.760435
-0.470350
-3.602494
-0.213968
1.326171
0.037086
-4.018604
-1.906357
1.325087
-3.536138
1.326197
-0.829288
-0.314433
-3.430076
0.854133
-3.163504
-2.220217
0.591049
0.685509
-2.908506
1.174755
-2.983425
1.326185
-0.021495
-4.059401
1.034230
-3.165779
0.267276
-2.263754
1.071205
-0.548776
-3.546124
1.325802
-4.063720
0.836142
-4.061223
1.113698
-4.059401
0.556007
-4.062438
1.176506
-0.470631
-2.715864
1.325902
1.018056
-4.053945
-25.668745
-23267998.000000
6.012414
4.420979
6.909161
3.797939
7.493159
7.062386
3.398604
2.113811
4.612974
7.760882
2.918253
6.375510
7.665043
5.401564
-0.395100
1.220118
3.320325
5.542719
3.246816
7.908566
2.401707
6.666333
3.380313
7.932563
6.685266
2.540778
7.010258
-0.822947
8.563315
0.879841
6.562828
3.937570
-0.645437
4.510859
6.670062
2.775680
7.869444
8.169259
4.700427
5.214739
7.238437
1.537127
5.759667
7.439756
8.238213
2.108442
6.946473
6.763933
0.209272
-1.130360
7.914803
-1.131553
8.549505
0.469986
5.452973
1.326760
5.273564
-0.882212
8.508343
4.011200
8.398825
7.422537
5.392425
2.124745
5.124239
8.589330
2.105788
8.245495
-1.128078
4.416755
7.316550
4.513288
7.442088
0.812741
6.964957
8.588192
4.117782
3.728537
7.617216
8.271214
0.811249
7.387567
4.363153
-1.128990
8.446877
0.277777
8.580639
1.111158
8.586430
0.591224
8.580639
5.975563
1.201272
2.102387
-1.131429
3.005505
6.476862
8.589398
-1.120836
5.243042
8.097120
3.503163
7.853334
1.373060
3.972411
6.314861
-0.205657
8.370481
4.847903
2.021345
4.992195
8.074864
-0.383539
5.754472
0.257119
7.490605
-1.130164
-0.121557
6.342600
2.648643
7.891102
8.584647
0.403239
6.230573
7.869444
8.303483
4.265215
7.532444
1.027778
2.756854
8.586674
8.442508
8.549505
-0.020555
4.361920
0.275479
8.563315
6.679188
3.034130
4.366380
1.564994
7.725981
1.978795
6.492759
-1.130634
8.239828
-1.128078
7.615087
2.256186
4.418016
8.260119
-0.339481
2.817973
5.349534
0.341317
7.423368
1.937634
5.805061
8.422219
6.068159
-0.304199
3.936317
6.645965
8.288956
-1.128078
6.615119
-1.130360
6.998870
8.390631
-0.598898
8.570236
-1.130634
4.102089
3.728945
8.589493
7.931159
2.105788
8.328443
2.752035
1.297390
7.661298
8.583481
1.111714
8.437866
8.549505
5.341478
-0.124837
0.050763
8.549505
2.107833
7.351182
8.090450
2.995599
0.796694
7.371238
7.927270
-1.126258
7.841210
2.107492
8.387018
-1.128078
-0.080599
5.236625
-1.126258
8.589602
-0.542433
8.563315
0.436393
4.324506
6.191152
-1.130634
-0.796198
8.570236
2.511264
8.009439
5.332851
8.449088
-1.131478
8.570236
5.622475
2.213518
7.201467
-1.130360
8.437303
-1.126258
3.033075
7.617308
7.266334
4.023708
8.474837
6.426974
-0.992699
8.563315
7.661541
0.879586
6.159011
8.082155
4.692822
8.344837
4.849717
7.863658
0.257166
8.570236
8.435435
8.508343
-0.386540
1.923472
-0.619902
2.298530
2.401707
7.949151
2.102387
8.588753
2.182619
6.966837
0.460756
8.574394
2.102387
8.132591
2.102387
8.318748
-1.126258
8.487741
-0.845528
8.563315
8.563315
-0.754824
-0.383755
4.697381
6.766676
1.979181
6.592353
-1.128990
8.290664
-1.126258
8.503219
6.640051
4.064259
8.063397
6.462245
-0.016000
7.827745
0.812037
8.507965
7.502651
5.346668
8.588687
7.592233
4.269249
0.488575
6.968723
8.519189
6.964957
-1.131574
8.508343
2.605856
7.647757
8.135148
1.295817
7.735466
8.492643
5.247263
8.117979
-0.247770
8.549505
8.508343
8.432925
59.090572
7447999.500000
-18.691610
-37.160278
-13.900744
-39.487667
-4.992480
-12.508900
-43.481087
-29.222591
-46.302536
-1.358757
-72.285423
-17.630018
-6.408542
-23.762136
-59.516514
-19.440552
-41.965897
-49.629707
-22.533747
0.205235
-70.730392
-26.713175
-12.661585
-6.021595
-47.338219
-62.514355
-14.968719
-47.440128
-71.191010
-12.803803
-37.483944
-54.883049
-27.522366
-52.296841
-18.534235
-8.820210
-50.708668
1.012992
-68.282204
-22.497833
-48.997772
-11.127820
-31.906496
-4.315275
-11.972770
-72.819069
-7.939835
-62.624844
-23.712364
-72.187950
-47.394199
-31.630203
-5.026770
-70.176926
-23.320322
-29.079557
-65.698601
-0.941561
-41.157337
-58.507568
-35.322990
-13.269985
-72.285423
-46.551048
1.012425
-5.708897
-73.113503
-12.038969
-30.407660
-57.161377
-7.230097
-18.243864
-7.307199
-47.069653
-8.440602
-72.462433
-4.096306
-33.442616
-8.849259
-2.847033
-72.462433
-69.086029
-23.486538
-47.394199
-73.276817
-48.476730
-7.230093
-1.960183
-50.671448
-15.325777
-72.684914
-72.759384
-14.884034
-70.575577
1.001406
0.943637
-0.994303
-28.043900
-62.569550
-63.224648
-45.000919
-17.559391
-45.277565
-6.887456
-72.285423
-9.068994
-59.636436
-39.425266
-18.275066
-66.617325
-32.195976
-23.406399
-1.080665
-6.765920
-45.259850
-27.959673
-64.799492
-0.503263
-72.462433
-3.096799
-16.892000
-73.134033
-12.188162
-72.819069
-7.462122
-1.022794
-35.513103
-73.190559
-35.513103
-57.454777
1.001406
-47.394199
-1.009462
-72.684914
-4.291042
-72.338112
-35.513103
1.011730
-68.282204
1.010242
-52.379997
-64.498222
1.003161
-54.930042
-21.055193
-7.557039
-60.589390
-68.054047
-31.426594
-3.937966
-70.730392
-36.024574
-7.617262
-48.113251
-26.370068
-12.503531
-46.407349
-67.996506
0.977470
1.009404
-58.985218
-21.653847
-73.021248
-47.394199
-0.056285
-6.120216
-37.668465
-61.377094
1.010404
-71.084641
-39.974983
-13.657915
1.012109
-2.280295
-11.702392
-33.565720
-4.630508
-58.053986
1.011670
-29.658127
-5.020476
-1.051051
0.943637
-73.134033
-15.386687
-13.106332
1.013222
1.011890
-71.585945
-53.767311
-73.286964
-67.453346
-46.516636
-68.054047
-42.571926
-10.955779
-72.462433
-72.021523
-2.081890
-73.217384
-28.314791
1.010688
-47.965771
-0.843973
-28.314791
-6.624383
-72.285423
-53.272961
-6.788499
-20.326227
-72.943359
-41.030018
-6.624010
1.004481
-59.920357
-35.906364
-71.609726
-38.291447
-16.731171
0.458531
-13.657915
-18.581411
-4.741438
-53.767311
-73.185081
0.309927
-3.974875
-45.364807
-2.703222
-49.097668
1.009648
-0.968535
-72.021523
-67.688622
-12.901413
-57.628540
-4.374874
-15.386687
1.012624
-20.023285
-68.569687
-55.554070
1.004481
-73.224533
0.989294
-66.374977
-20.614857
-72.285423
1.010928
-47.394199
1.012147
-64.469704
-4.680517
-0.941561
0.977470
-5.432268
-54.262566
-56.451454
-12.424804
-15.142293
-72.759384
-4.745091
-72.021523
-72.443771
0.943637
-53.900517
-7.470246
-60.714073
-14.347860
1.013254
-68.282204
-7.627770
-57.687229
-4.464491
-72.021523
0.540790
-28.314791
-54.262566
-3.552080
-10.369085
-69.175461
-1.506396
-70.730392
-61.596500
1.004481
-47.394199
1.012773
-4.287255
-72.021523
-72.021523
-3.701958
-17957412.000000
-23215998.000000
5250074.000000
-0.000001
5250078.000000
5250082.500000
-0.000001
-0.000001
5250085.000000
-0.000001
5250087.500000
999.999268
5249091.500000
5249092.000000
-0.000000
-0.000000
5249092.500000
5.064860
7435999.500000
0.915887
-0.027638
1.185224
-0.176591
1.633538
0.186369
1.333058
0.386664
-0.569103
1.836006
-1.110617
-0.103895
1.922256
1.072355
1.657880
0.724764
-0.512182
-0.996247
0.128439
1.932708
-1.997337
-0.704616
0.399995
1.999921
-1.996008
1.152181
-0.263151
1.734999
1.056893
0.058251
1.321716
-1.120830
0.246562
-1.361808
-0.295075
-0.176468
1.636245
0.000000
1.999931
-0.934348
1.999637
0.752840
-0.888839
1.230053
0.091952
-1.019568
1.279898
1.780415
1.199968
-1.999429
1.241358
-0.804561
0.689053
1.788032
0.430358
-1.688224
1.999429
0.814754
-1.368133
-1.636339
-0.528711
-0.990955
0.777735
-0.638730
0.913535
1.921418
-1.998002
-1.126031
1.237860
0.931159
-1.999500
-1.607717
0.856980
0.927560
1.476259
0.514271
-1.646865
-1.544225
0.782473
1.416549
-1.996008
1.017473
1.805844
-1.466275
1.496252
1.436593
-0.947169
0.000000
-1.999771
0.925892
-1.635769
1.888837
-0.285551
0.953788
-1.999429
-1.736751
1.992032
-1.999111
1.377655
-1.752037
-0.363570
1.090711
-1.076857
1.384190
-1.306069
0.985016
-1.998401
-0.890153
1.777383
1.618945
-1.555210
1.919847
1.992032
-1.321077
0.999800
1.216056
-0.249979
1.997337
-1.833180
0.449168
1.243742
1.588337
0.884598
-0.088885
1.599872
-1.999742
1.997337
-1.684122
1.997337
-1.998002
1.727116
-0.768994
1.545314
1.304303
1.842002
-0.239961
1.890841
0.961502
1.889839
-1.466471
1.999637
0.295063
1.744532
1.943208
-0.665779
-0.124984
1.999758
-1.786571
1.992032
1.534741
-1.996008
-1.783303
1.996009
0.285660
-1.727116
-1.802380
1.058575
-0.768994
1.407303
0.380916
-1.297670
-0.999001
1.796488
0.665779
1.999830
1.999001
-1.447591
1.316035
-1.998667
-1.249843
1.749563
-1.999826
1.996009
1.009156
-0.146339
1.500963
0.204718
1.614673
-1.999000
-0.842016
1.270558
0.857073
-1.219393
0.181753
1.999795
-1.880485
-0.222123
1.904581
-1.996008
1.804702
-1.997337
1.907959
-0.571347
1.859779
0.769113
1.926535
-1.992032
1.666556
0.000000
1.962190
-0.665779
-1.090711
1.076813
1.999818
-1.997337
1.997337
1.941973
-1.399720
1.999334
-1.837738
1.992032
1.699830
-0.665779
-1.844796
0.000000
-1.897241
-0.399680
-0.222123
-1.999889
-1.998401
1.754959
-1.237859
1.999619
1.998668
-1.455953
0.000000
1.927133
-1.589711
0.399894
-0.476099
1.534848
-1.692047
0.666223
0.105256
1.329160
-1.240443
0.539665
-1.142530
1.575138
-0.865620
1.399907
0.969668
1.703542
-1.374828
1.998668
1.453380
-1.999111
1.845870
-0.260824
-1.882131
1.998858
-0.665779
-1.937379
1.999805
-1.992032
1.899810
-1.992032
1.992032
1.906888
1.871626
0.181752
1.925855
1.992032
1.792980
-1.996008
0.749906
-1.999334
1.999924
-1.992032
1.749781
-1.998857
1.941120
1.996009
-1.835516
-1.992032
1.794688
-1.992032
-1.877160
0.000000
-1.999789
1.992032
1.914731
-1.996008
-1.630197
1.998668
1.999852
-1.992032
-1.626909
1.996009
1.743545
-0.499875
-1.285530
1.448076
1.552404
-0.444345
1.142531
-1.753738
-0.874890
1.021233
1.626003
-1.998857
0.666540
-1.565081
1.708967
-1.998401
1.574401
-0.526260
1.011717
1.770897
-1.856877
1.998002
-0.249937
1.641334
-1.999757
1.992032
-0.999001
-1.999866
1.999795
-1.992032
1.952850
-1.992032
1.039834
1.885188
1.925162
1.992032
1.928434
-1.996008
1.259073
-1.998401
-12.372867
-23301998.000000
1.474328
0.450656
1.760289
0.277090
2.290105
1.493414
2.172426
0.836165
-0.126132
2.536894
-0.469357
1.673103
0.754164
2.202824
-0.565540
0.156728
1.295492
-0.546419
0.714431
2.605646
-1.619342
0.833797
1.874273
1.238709
0.154639
2.255951
1.379102
0.747333
-0.960421
0.023731
1.889315
-0.815411
0.313944
2.356808
0.340464
0.324566
1.534237
1.978323
0.956035
2.307140
0.914324
-0.817303
0.691769
2.313255
1.463687
2.605464
0.839951
0.108903
2.036352
-1.324904
1.195816
0.828491
-1.238237
-1.621786
1.993928
-1.152921
0.098569
-0.121049
2.252967
2.594767
2.351830
-0.696494
1.255415
0.123789
2.303355
1.876643
0.266542
1.110787
2.075370
-0.037075
1.603375
2.501199
-1.621053
1.264518
-0.585539
-1.217854
2.604738
-0.793581
1.236760
-1.621623
2.325763
0.340443
2.240194
-0.072309
2.605384
2.220903
-0.450988
2.341251
-1.621053
-1.381053
2.594767
-0.385115
2.605346
-1.519474
2.602072
2.072550
-1.621395
-1.359437
0.555484
0.839357
-1.622564
-0.495141
1.859070
1.451952
2.605457
1.859070
-1.190248
2.605424
0.692810
0.600207
-0.701676
2.023320
-1.621786
-1.254839
1.724497
-1.508309
1.712716
2.209031
1.417786
-0.906005
1.730624
2.375818
-0.049364
2.605597
-1.619342
0.732690
2.280344
0.340417
-1.622491
-1.300971
2.600242
1.397173
-1.622580
2.419036
0.104364
2.338209
-1.018079
-1.000802
2.413071
2.440856
-1.621053
-1.130968
2.605091
-0.732513
2.604166
2.605494
-1.620482
-1.555542
0.189336
-0.897771
2.603904
-1.622594
2.594767
-0.682777
2.184768
-1.447885
2.000458
1.252406
-1.621909
-0.365601
1.900797
0.887792
-1.258147
-1.364859
1.195395
0.068631
2.252967
1.168821
-0.213252
-1.199852
1.195997
2.404299
0.852369
-1.622575
2.594767
1.981338
-1.622194
2.245722
0.825224
-1.093914
1.559804
1.899649
-1.223752
-0.565042
2.509513
2.604821
-1.077005
1.103009
-0.867545
2.434172
-0.565042
-1.432652
2.602072
2.605568
-1.620482
2.604821
-0.404354
2.348217
0.256449
-1.481606
2.602988
2.605588
-1.620482
-1.622585
2.603537
-1.125224
2.604362
-1.553338
-1.619342
-1.320530
0.793043
2.271356
-0.917369
-1.525539
2.603537
-1.134677
1.451952
2.376900
-1.621395
1.724497
-1.621909
0.913564
-1.463082
-1.568469
2.602988
0.961208
-1.270167
1.900867
-0.137059
-1.249507
0.713960
-1.348113
2.602072
-0.212964
2.468139
-0.876341
2.076810
2.464670
1.243928
2.264232
-0.682777
-0.615855
2.605091
1.075147
2.218044
-0.112552
-1.622589
-1.619342
2.605608
-1.320530
1.194554
-0.172972
1.622286
2.546859
-1.619342
-0.776846
-1.565534
1.125524
-1.188944
1.995838
2.418688
-1.238276
2.600242
-1.550985
-1.619342
2.392135
0.864375
2.600242
-1.557441
2.605424
-1.619342
-1.615933
-1.460012
-1.622676
2.594767
1.584834
-1.621786
2.379033
-0.776737
-0.776955
2.604166
-1.622537
1.546978
2.340839
-0.469447
-1.453543
2.600242
1.397172
2.605635
2.605609
-1.620482
1.900797
-0.378994
2.275181
-1.621053
1.742702
0.068632
2.444551
0.632258
1.047636
-1.622337
1.992790
0.118354
2.594767
2.546029
-0.776408
-1.622666
-1.288793
2.594767
-1.018079
2.065023
2.421281
-1.615933
